Green_180919 3700 13900 13989 14038 14222 14241 14326 14342 14427 14441 14493
Green_180920 14642
Green_180986 2876 3430 5272 5273 5458 5459 8478 8853 14104 14114 14284 14302 14331 14344 14345 14367 14375 14379 14403 14411 14418 14449 14490 14503 14505 14506 14509 14535 14544 14546 14566 14567 14580 14602 14603 14624 14639 14656 14659 14660 14665 14666 14673 14676
Green_180987 2797 2798 3701 4483 4484 5441 5442 9795 11360 13899 13965 13990 14037 14056 14097 14113 14137 14157 14196 14197 14198 14200 14201 14285 14289 14301 14304 14324 14339 14340 14341 14343 14355 14369 14378 14380 14394 14404 14407 14408 14414 14415 14425 14426 14428 14433 14440 14445 14448 14457 14458 14463 14473 14475 14476 14480 14481 14484 14485 14494 14497 14513 14514 14525 14526 14530 14531 14533 14534 14536 14537 14540 14541 14558 14559 14571 14572 14574 14576 14577 14585 14586 14590 14606 14607 14608 14609 14621 14622 14627 14628 14653 14654
Green_180988 3431 14498 14619 14655
Green_180989 14130 14132 14306 14332 14368 14419 14420 14447 14453 14455 14459 14460 14462 14470 14523 14524 14527 14528 14548 14549 14556 14562 14563 14569 14570 14616
Green_181069 2354 2355 2819 14386 14468 14478 14487 14488 14492 14499 14510 14516 14529 14538 14552 14553 14560 14561 14582 14598 14599 14601 14604 14605 14625 14633 14634 14657 14663 14664 14668 14669
Green_181070 6183 9876 11041 11184 11185 12198
Green_181071 2292 2890 4527 4528 4569 4868 8266 10918 10919 11339 11987 12024 12078 12444 12445 12745 12889 12943 13017 13021 13039 13145 13160 13206 13230 13231 13233 13278 13315 13393 13461 13472 13477 13526 13546 13646 13647 13729 13730 13735 13751 13881 13882 13885 13886 13888 13889 13913 13914 13993 14060 14100 14109 14151 14188 14193 14213 14221 14237 14240 14267 14268 14279 14286 14292 14298 14315 14317 14346 14381 14388 14391 14438 14467 14479 14489 14491 14520 14539 14565 14581 14583
Green_181072 2716 2717 4348 4349 11568 11569 12098 12160 12245 12288 12296 12426 12439 12440 12485 12580 12591 12592 12780 12871 12926 13002 13176 13177 13179 13180 13203 13204 13205 13249 13272 13274 13290 13291 13321 13340 13348 13459 13467 13468 13506 13507 13557 13558 13597 13609 13653 13654 13699 13742 13743 13806 13822 13894 13901 13949 13954 13960 13961 14063 14064 14070 14088 14129 14131 14138 14158 14159 14195 14253 14254 14303 14338 14354 14382 14383 14393 14395 14396 14451 14472
Green_181073 8643 8688 10124 10304 10469 12091 12199
Green_181074 13690
Green_181075 2419 2420 2425 3095 3096 3128 3129 3840 3985 3986 5370 5371 5556 5557 12817 13404 13591 13722 13844 13924 14030 14052 14058 14069 14160 14181 14191 14226 14227 14233 14243 14261 14278 14305 14323 14327 14333 14336 14337 14365 14371 14372 14373 14384 14399 14400 14401 14421 14422 14423 14424 14430 14431 14442 14450 14454 14456 14461 14464 14465 14466 14471 14482 14483 14500 14507 14508 14518 14519 14521 14522 14551 14564 14578 14579 14587 14588 14589 14596 14597 14610 14611 14613 14614 14615 14617 14618 14629 14630 14631 14632 14638 14643 14644 14649 14650 14661 14662 14671
Green_181076 2537 3210 3211 13440 13575 13723 13749 14009 14010 14026 14148 14238 14239 14242 14374 14397 14398
Green_181077 11966 12379
Green_181143 2733 2818 4026 4027 4266 4267 4303 4304 4311 4312 4400 4961 4962 5121 5495 5496 12194 12242 12527 12746 12890 12918 12925 13076 13159 13285 13368 13378 13504 13543 13549 13562 13563 13594 13630 13631 13656 13697 13698 13740 13741 13748 13782 13783 13784 13785 13854 13969 13970 13994 14020 14050 14051 14073 14074 14086 14087 14110 14123 14124 14134 14135 14163 14164 14205 14206 14223 14293 14294 14295 14316 14329 14330 14347 14348 14387 14402 14405 14406 14412 14413 14429 14439 14486 14517 14542 14543 14591 14626 14645 14646
Green_181144 185 233 277 468 569 863 963 1290 1332 1352 1500 1782 1789 2244 2245 3119 3242 3692 3752 4545 5472 5968 5969 6490 6733 7050 7051 7398 7424 7425 7567 7846 8837 8838 9457 9458 9547 9548 9837 9838 9877 10039 10255 10737 11494 11583 11624 11666 11686 11703 11704 11714 11896 12139 12140 12193 12280 12281 12330 12448 12487
Green_181145 387 1675 2294 2734 4488 5120 5260 5261 12274 12582 12654 12919 12940 13059 13207 13228 13270 13271 13433 13547 13548 13595 13817 13818 13845 13986 14021
Green_181147 82 494 551 705 777 876 964 1014 1110 1185 1340 1448 1547 1628 1786 1859 2414 2523 2525 2526 2560 2664 2893 2897 2898 3325 3411 3495 3607 3742 3743 4057 4744 5069 5081 5732 5780 5781 6130 6184 6597 6638 6639 6789 6790 8689 8818 9971 10050 13896
Green_181148 4084 4085 8236 11025 11056 11082 11100 11101 11290 11291 11332 11627 11628 11642 11833 11834 11867 11904 12234 12235 12295 12410 12602 12678 12679 12684 12987 13322
Green_181149 2955 2956 4318 4529 4530 10718 11192 11329 11903 11927 12333 12334 12411 12412 12477 12489 12579 12652 12683 12789 12819 12829 12830 12893 12935 12936 13001 13078 13079 13199 13200 13275 13299 13336 13405 13436 13437 13444 13445 13465 13493 13519 13523 13564 13590 13611 13627 13709 13731 13732 13756 13843 13893 13904 13975 13976 14000 14025 14053 14059 14071 14095 14096 14217 14218 14251 14252 14277 14299 14300 14328
Green_181150 4833 12036 12490 12753 12760 12938 12939 12986 13111 13112 13229 13298 13341 13466 13494 13524 13715 13762
Green_181151 1161 1647 2524 3527 3528 4644 5481 5513 5529 5869 6358 6359 6598 6731 8528 8529 9003 9151 9863 10040 10363 10627 10628 10823 10824 10876 10967 11074 11105 11330 11363 11364 11554 11555 11556 11557 11670 11905 11906 11912 11913 11941 11942 11967 11972 12016 12298 12328 12355 12413 12425 12460 12541 12575 12613 12635 12643 12687 12788 12815 12816 12820 12845 12846 12901 12920 12929 12950 13020 13051 13052 13103 13163 13164 13165 13196 13210 13211 13212 13213 13247 13304 13317 13319 13337 13384 13525 13554 13574 13577 13580 13581 13682 13683 13689 13701 13755 13870
Green_181152 4081 6306 8857 12900 13035 13157 13469 13502
Green_181203 17 1818 2393 2729 3568 3979 4802 5741 6653 6964 7800 7924 8513 8514 8817 9239 9500 10254 10872 10873 10958 11035 11080 11163 11202 11307 11567 11824 11975 11976 12157 12250
Green_181204 153 3633 5498 5499 5574 8001 9036 9726 11509 11755 12389 12400 12648 12680 12868 12902 12924 12945 12977 13045 13053 13222 13227 13369 13379 13402 13403 13413 13414 13473 13474 13505 13532 13533 13544 13550 13593 13598 13599 13601 13602 13657 13664 13665 13810 13811 13815 13816 13831 13832 13855 13919 13920 14018 14019 14022 14102 14103
Green_181205 45 55 56 181 348 405 426 427 435 496 558 642 943 945 1043 1085 1211 1213 1275 1276 1407 1423 1537 1637 1638 1783 2119 2136 2152 2203 2663 2674 2987 3258 3259 3317 3378 3379 3419 3871 3972 3973 3978 4222 4428 4436 4544 4556 4557 4699 4914 5334 6659 6660 7292 7361 7397 7577 7643 7699 7772 7845 8204 8211 8212 8257 8434 8435 8706 8848 8849 8991 8992 9206 9207 9224 9225 9271 9546 9699 9700 9774 9929 9930 9967 9968 10269 10479 11144 11367 11448 11623 11685 14718 14723
Green_181208 5715 5716 6205 6596 8426 9417 9575 9576 10604 11506 11733 11948
Green_181209 42 304 557 798 925 1572 1573 1894 2057 2120 2153 2412 2413 3037 3454 3637 3657 3787 4526 4915 5026 5343 5367 5438 5448 5489 5808 5830 6425 6640 7426 7427 7650 8457 8458 8707 9560 9561 9832 9833 11289 11574 11575 13768
Green_181210 414 465 5125
Green_181211 146 330 704 1666 1934 1935 2815 3788 4163 5068 7870 10645
Green_181212 225 283 347 445 1494 2047 2456 2457 2483 5797 5798 5807 7180 7712 7871 8638 9408 10043 10115 10350 10768 10769 11647 11678
Green_181213 1764 2855 4258 6290 7770 7771 7909 7910 9847 9862 10044 10365 10461 10739 11137 11267 11268 11368 11369 11416 11504 11926 12010 12096 12097 12270 12323 12324 12504 12505 12618 12619 14762
Green_181215 1648 1732 1928 2019 2141 2142 2795 3228 3620 3893 4518 4519 4992 4993 5019 5509 5510 5514 5530 5759 5925 5926 5992 6052 6169 6519 6732 7864 8172 8173 9105 9106 9439 9440 9729 9889 10302 10430 10431 11026 11075 11321 11823 11831 11832 12089
Green_181216 1996 2020 3894 4125 4499 4510 5051 6531 6532 7725 7726 8183 8184 8232
Green_181217 175 356 368 464 605 1713 3248 3249 3272 4257 5480 7087 9004 9672 9673 10560 10695 10805 10816 10923 11092 11376 11377 11417 14409 14761
Green_181218 2172 4195 6387 6426 6427 7813 8382 8765 8810 8811 9616 10008 10009 10303 10362 10542 10595 11106 11175 11251 11322 11692 11826 11827 12004 12005 12066 12088 12138 12158 12248 12263 12284 12311 12312 12346 12373 12374 12472 12499 12507 12564 12589 12612 12644 12645 12709 12710 12719 12720 12749 12776 12791 12792 12952 12955 13000 13042 13081 13082 13101 13102 13128 13161 13187 13253 13310 13311 13329 13330 13333 13381 13396 13397 13442 13453 13482 13508 13571 13694 13714 13788 13789 13838 13839
Green_181220 13795 14215 14280 14281
Green_181275 12793 12892
Green_181277 47 83 555 692 785 1142 1170 1726 1800 2060 2137 2168 2169 2256 2304 3185 3186 3229 3445 3604 4310 4332 4333 4706 4777 5199 5200 5267 5478 5479 5742 5772 5773 5778 5779 6341 6401 6480 6523 6527 6528 6693 6949 7438 7539 7663 8243 8325 8559 9182 9304 9499 10450 10674 10733 10801 11528 11665 12392 12393
Green_181278 10850 11173 11447 11731 11919 12141 12217 12532 12728 12934 12961 12980 13005 13011 13127 13241 13260
Green_181279 5573 12794 12876 12933 13324 13327 13619 13620
Green_181280 72 149 335 566 799 1219 1288 1565 1909 3763 3881 4300 5526 6076 6077 6730 7112 7694 7695 8349 8350 8366 8367 8438 8610 8830 9050 9061 9335 9552 9553 9830 9831 9861 9959 9960 10466 10483 10691 11016 12190 12273 12609 13968
Green_181281 180 184 189 515 633 793 1032 1760 1804 1923 4015 4240 4285 4427 4903 5010 5079 5523 7826 8199 8200
Green_181283 96 136 1228 1300 1561 1834 2476 3451 3548 3549 3870 4724 4725 5085 5619 5620 6399 6400 8030 8031 8741 8742 9459
Green_181284 284 556 595 596 655 688 813 890 968 969 1101 1376 1377 1440 1479 1511 1533 1567 1845 2046 2429 2862 2863 2972 4075 4078 4374 4375 4656 5241 5242 5300 5301 5842 5843 6172 6238 7811 7812 7958 8121 8593 9094 9095 9609 9656 9802 10618 10667 10763 10910 10911 10965 10966
Green_181285 624 2344 2973 3799 4417 4902 5387 5980 5981 7536 7729 9177
Green_181287 2448 2648
Green_181288 274 317 1257 1280 1450 1630 2261 2436 2709 3681 4115 4153 5983 6823 6824 6866 10680 11718
Green_181290 369 446 1091 2097 2475 2854 2948 2949 3353 3354 3368 3680 3796 4011 4139 4223 5578 5979 6026 6612 6766 7008 8464 8465 8637 8661 8662 9180 9181 9316 9424 9531 9532 10046 11219
Green_181291 1629 1812 2251 2884 3945 4289 4456 4457 4701 4702 5080 5230 5231 5579 5791 5978 6003 6004 6611 7007 7117 8618 8619 9709 9710 9856 9857 10047 11218
Green_181294 1180 1181 1405 3811 4012 4214 4360 4534 5165 8151 9171 9300 9445
Green_181295 1736 1929 1933 2233 2655 3728 4359 5168 5608 6767 7038 7612 8468 8469
Green_181296 111 732
Green_181297 910 1404 1654 2281 10231
Green_181298 5118 5119 10364 11813 11814
Green_181299 236 411 518 748 949 1518 1525 2130 2179 2184 2693 2796 3052 3053 3330 3623 3624 4485 4535 4774 4775 4834 4941 4942 5355 5356 5623 5760 6080 6142 6386 6799 7733 7894 7895 8569 8743 8766 8938 9196 9197 9253 9993 10276 10373 10537 10538 10788 11174 11500 11821 11822 11848 11868 11983 12052 12367 12506 12588 12734 12735 13156
Green_181302 447 1305 1497 1827 2129 2764 3120 3231 4196 5295 5430 5431 5758 5761 6081 6514 6515 8521 9425 9426 9848 9849 10248 10374 10392 10401 10789 10860 11328 11385 11543 11588 11839 11993 11994 12095 12151 12152 12153 12368 12399 12480 12524 12587 12669 12670 12699 12747 12748 12916 13058 13124 13147 13155 13219 13223 13264 13280 13281 13282 13308 13309 13334 13431 13432 13446 13451 13495 13511 13570 13634 13635 13638 13648 13649 13674 13704 13713 13765 13793 13794 13800 13859 13973
Green_181303 13639 13865 14274
Green_181304 13540 13541 13561 13939 14257 14320 14321 14434
Green_181368 11068 11179 11700 12213 12314 12675
Green_181370 3970 10906 11038 11548 11878 12072 12218 12335 12336 12338 12342 12554 12565 12627 12628 12661 12712 12723 12764 12850 12851 12962 12992 13225
Green_181371 4959 4960 9678 9899 9900 10605 10896 11037 11040 11058 11118 11135 11425 11426 11675 11764 11879 11970 12083 12110 12127 12142 12177 12247 12287 12375
Green_181372 3971 10211 11070 11136 11172 11430 11431 11763 11901 11902 12056 12057 12084 12109 12128 12214 12555 12557 12566 12572 12616 12640 12641 12711 12715 12716 12724 12727 12732 12733 12967 12968 12982 12983 13006 13012 13070 13071 13083 13132 13140 13141 13226 13240 13256 13257 13398 13399 13488 13489
Green_181373 4661 5990 6133 6224 6342 7732 10638 11003
Green_181374 7952
Green_181375 3 92 150 2015 2016 2158 2891 2892 3456 4937 6213 6714 6715 6729 6906 6984 7113 7603 7604 8092 8093 8698 8699 9261 9286 9287 9461 9706 9761 10941 11129 11394 12551
Green_181376 6986 10210 11612 11971 12176 12286
Green_181377 23 148 188 257 265 292 436 493 715 845 846 948 1196 1318 1814 2024 2134 2135 2827 3682 3835 3906 3907 4006 4662 4896 5053 5446 6134 6293 6985 7035 7982 8326 8327 8609 8895 9208 9763 10693 10694
Green_181378 3469 4874 5201 5202 6418 6745 7094 9624 10236
Green_181379 1033 1359 1691 2117 2398 2715 3208 3504 4615 4622 5141 5142 5323 6744 8470 9123 9801 10916 10980 11130 11317 11318
Green_181381 398 487 561 1045 1586 2830 4932 6340 7081 7189 8375 8376 10609
Green_181383 91 151 415 1394 6529 6530 6841 7082 13248
Green_181384 11615
Green_181385 147 1956 2782 2873 4758 5991 6089 6090 6351 6403 6976 7509 7723 7900 9571 11272 11614 11806
Green_181386 15 318 544 1617 1641 1867 1879 1955 2147 2207 2430 2443 2516 2561 2957 3038 3916 3917 4035 4116 4256 4444 4605 5163 5836 5837 5960 6023 6024 7486 7580 8048 8239 8415 8712 8713 9157 9451 10054 10055 11221 11222
Green_181387 60 482 756 865 1188 1387 1693 1822 1823 2856 2963 3019 3390 3829 3867 3885 4255 4597 4650 4657 4712 6078 6210 6362 6363 8414 10220 10345 13169 13289
Green_181388 1291 1707
Green_181389 2237 5559 5738 5871 6337 6911 7467 9143
Green_181390 117 214 287 773 1063 1417 1418 1663 1980 2238 2276 2277 2565 3122 4297 4321 4322 4462 4463 5360 5516 5534 5737 6045 6685 6686 6910 7395 7396 7559 7700 7701 8790 9144 9570 10409 10759 10760 13263 14678
Green_181391 323 889 1832 2290 5314 6350 7560 8789 10408 11176
Green_181392 2923
Green_181393 69 443 782 783 814 815 927 928 950 957 958 1012 1021 1174 1259 1435 1436 1453 1569 1623 1705 1706 1770 1791 1850 2067 2068 2205 2258 2316 2346 2347 2682 2885 3005 3048 3088 3346 3406 3509 3510 3649 3738 3739 3754 3770 3771 4042 4952 4953 5098 5099 5159 5396 5450 5451 5455 5456 5463 5603 5604 5721 5722 5840 5841 5845 5846 5885 5957 6188 6189 6310 6494 6495 6542 6917 7173 7174 7366 7367 7724 7753 7754 8125 8219 8251 8252 8342 8343 8641 8642 8827 8828 8878 9112 9113 9254 9255 9288 9289 9542 9821 10161 10976 10977 11536
Green_181395 2924 5090 5838 7734 8561 9025
Green_181396 430 4592 6331
Green_181397 7198
Green_181398 4452 8560
Green_181399 3121
Green_181400 51 54 73 152 325 351 407 428 458 503 582 680 681 1019 1020 1141 1309 1331 1621 1718 1734 1735 1921 2417 2533 2700 2701 2788 2789 3226 3323 3340 3341 3395 3396 3531 3532 3555 3605 3606 3616 3662 3676 3888 3961 4128 4129 4203 4281 4282 4584 4733 4966 4967 4975 4976 4985 5139 5140 5377 5378 5381 5382 5427 5468 5469 5717 5718 6102 6138 6153 6237 6239 6240 6488 6489 6566 6666 6667 7195 7237 7346 7347 7435 7907 8049 8050 8423 8424 8522 8565 8652 8720 9028 9029 9295 9556 9592 9685 9686 9701 9702 9997 9998 10064 10065 10125 10130 10175 10402 10758 10761 10762 10861 11109 11134 11327 11396 11397 11499 11534 11715 11802 11803 11864 11865 12156 12179 12223 12224 12253 12254 12260 12294 12305 12508 12538 12707 12744 12795 12796 12813 12863 12883 12923 13032 13061 13062 13148 13151 13202 13261 13415 13455 13790 13918 14309 14350 14389 14390 14696 14739 14746
Green_181401 656 6454 12388 12420 12429
Green_181402 7972 8617
Green_181403 1089 1157 1443 2166 2636 3059 3490 4599 4667 6748 8119 8301 8616
Green_181404 2167 5662 13792 13872
Green_181405 9820
Green_181406 4947 5924
Green_181407 4413 5052 9416
Green_181408 1218 9415
Green_181410 7531 7971
Green_181411 608 2324 3091 3092 10508 12243 12261 12306 12465 12467 12481 12539 12624 12743 12844 12887 12965 13152 13258 13288 13302 13416 13447 13560 13636 13644 13645 13669 13670 13761 13778 13791 13813 13814 13836 13841 13857 13858 13921 13922 13937 13962 14145
Green_181412 13287 13306 13879 13880 13884 13931 13978 14014 14122 14127 14140
Green_181414 13354
Green_181468 403 720 1156 1398 1447 1650 2096 3153 3209 3383 3619 3735 3824 4540 4643 5485 6149 6233 6234 6318 6407 6664 7240 7690 8395 9070 9071 9141 9172 9320 9732 9733 9999 10202 10426 10802 10817 11069 11180 11552 11699 12019 12020
Green_181470 883 1000 1678 1950 2118 2378 2379 2704 3028 5276 5776 8288 8530 8823 8941
Green_181471 461 481 541 549 550 615 639 784 1099 1118 1539 1622 1817 2059 2246 2714 2790 2791 2816 2817 2866 3075 3141 3154 3447 3644 3838 4229 4396 4697 4698 4787 4940 5445 6192 6193 6223 6294 6295 6296 6443 6444 6491 6492 6835 6836 6951 7731 7790 7791 8783 8784 8939 9419 9420 9762 9790 10212 10213 10851 10864 10865 11002 11039 11593 12990 14351 14360
Green_181472 1958
Green_181473 103 592 593 614 1197 2645 2731 3247 3988 3989 4259 4260 4617 4869 4870 5114 5115 5849 5850 6197 7618 7619 7706 7707 7787 8946 9176 9368 9924 9925 10942 10987 10988 10991 10992 11532 11920 12849
Green_181474 564 601 728 946 2315 3062 3668 3669 4669 6198 7003 7004 7484 8710 8711 9721 10454 10455 10567 11736 11737 12268 12854
Green_181475 2566 3880 11119
Green_181476 2746 3468 3492 7402 7951
Green_181479 878 1687 1715 2224 2288 2289 2614 2799 2800 2824 3054 3055 3775 4415 6056 6334 6397 6436 7849 8289 8744 10663
Green_181480 1745 1746 1773 1774 2983 2997 4183 4930 6464 6465 7463 7464 8466 9545 12966 13512 13586 14011
Green_181482 5668 5673
Green_181483 2209 2314 2399 2606 3695 3725 3726 3897 3898 4756 4757 5195 5649 5714 5724 5725 5958 5959 8008 8009 10750 10751
Green_181484 3170 7403 10631
Green_181485 8060
Green_181486 1220 2531
Green_181488 102 322 477 660 2182 2183 3808 6015 6404 6975 7510 7561 7899 8571 8708 8709 9306 9872 9874 9875 10478 10659 10660 10852 10853 11445
Green_181489 779 1977 2783 3343 3344 3783 3784 4675 4987 6381 7854 10171 11271
Green_181490 8861 12267 12562
Green_181491 486 791 1177 1281 2403 3938 4551 4552 5711 6727 7303 8721 8722 8860 8912 9603
Green_181492 1186 1237 1313 1609 1686 1723 2049 2176 2254 2255 2602 2603 4671 5872 5923 7468 7660 8363 9086 9087 10616 10617
Green_181493 158 552 1612 1724 1897 2127 3112 4082 4083 5289 5290 5922 8389 8833 9119 9120 10092 10360 14154
Green_181494 1183 5346 6016
Green_181495 6336 6463 7659
Green_181496 1266 1642 4586
Green_181497 858
Green_181498 40 76 742 792 1627 1946 1947 3613 3614 3647 4034 5006 5712 6543 6544 9604 10313
Green_181499 1640 8269
Green_181500 722 1046 1050 1593 1851 1860 2342 2343 3306 3307 3345 3493 3591 3634 4871 5088 5395 5558 5710 6002 6062 6356 6811 7220 8126 8270 8317 9855 9965 10716
Green_181501 213 721 3204 3459 5028 7458
Green_181502 1199 1531 1606 1836 3622 3636 7118 7119
Green_181503 99 105 132 133 206 221 286 410 453 1556 1605 1982 2271 2306 2307 2543 3034 3778 4495 4620 4720 4740 4742 4808 5303 5304 6282 6599 6600 6817 7206 7718 7851 7852 8750 8751 9282 9283 9926 11270 11687
Green_181506 6593 7221 7973 9839 10676
Green_181507 1830 1885 2188 3364 4365 5087 5429 5709 6967 8555 8986 8987 10406
Green_181508 3901 5180
Green_181509 98 383 1829 2206 4366 8474
Green_181510 5576 5577
Green_181512 1496 8316 8900 8928 8929
Green_181513 3635 5918 5919 8455 8456
Green_181514 1198 1517 1837 1870 1871 1981 3615 3677 3800 4161 4372 5736 5876 6682 6779 6780 7083 7796 8998 10291
Green_181517 2737 3371 5946 6592 7716
Green_181518 167 227 710 6816 9841
Green_181519 745 10489
Green_181520 4060 5482 8159
Green_181521 1207 1811 8729
Green_181522 1942 2548 5945 8728 9563
Green_181523 575 9020
Green_181524 156 1994 3132 3133 3698 4971 5054 5155 6225 7637 7638 7906 8133 8134 8719 9322 9338 10101 10292 10359 10580 10581 10950 10951 11017 11043 11103 11104 11250 11309 11310 11388 11533 11603 11650 11749 11750 11801 11852 11958 11959 11997 12124 12206 12301 12350 12351 12418 12419 12421 12422 12423 12424 12436 12623 12667 12668 12677 12767 12786 12837 12993 12994 13085 13091 13092 13094 13167 13185 13293 13296 13353 13370 13454 13483 13492 13516 13517 13538 13539 13578 13579 13651 13684 13718 13753 13804 13805 13837 13916 13933 13992 13999 14078 14080 14083 14121 14166 14167 14168 14169 14178 14207 14211 14262 14263 14265 14297 14352 14353 14364 14377
Green_181525 3498 13010 13069 13095 13401
Green_181526 3140 4212 4213 4835 4836 5296 5297 14006 14007 14082 14153 14202 14296 14376
Green_181582 1054 1214 1306 1651 1790 1866 1937 2618 3382 4070 4112 4113 4147 4369 4370 4780 4901 4984 5315 5316 5633 6408 6883 8171 8307 8404 9140 9446 9465 9466 9718 9719 10105 10394 10641 13764 13892
Green_181584 270 271 298 321 329 345 376 409 442 479 597 620 701 737 923 983 1001 1053 1129 1383 1523 1589 1590 1596 1661 1668 1964 2102 2159 2161 2162 2368 2426 2427 2446 2534 2705 2706 2887 3057 3142 3245 3338 3339 3356 3357 3663 3853 3925 4077 4099 4541 4542 4856 4857 4900 5277 5749 5750 6139 6173 7044 7258 7412 7413 8040 8041 8052 8053 8085 8086 8332 8397 8526 8582 8583 9323 9520 9521 9522 9523 9558 9559 10242 10243 10855 10856 11064 11065 11167 11313 11590 11746 11964 12062
Green_181585 5490 5491 7526
Green_181586 970 971 2048 4279 4280 4664 4792 4798 5764 5805 6060 6061 6091 6371 6503 6896 7193 7194 7344 8330 8338 9048 9348 9489 9490 10100 11052 11053 11127 11128 11441 11442
Green_181587 388 392 609 729 1107 1108 1258 1308 1564 1917 2094 2208 2220 2235 2236 2686 2687 2730 2763 2767 2886 3043 3427 3428 4156 5144 5502 6087 6343 6344 6372 6562 6720 6894 7912 7913 8108 8331 8339 8578 8947 9807 9808 10027 10193
Green_181588 10558
Green_181589 581 1371 2157 2170 2230 2408 3366 5293 5403 5635 5636 5669 5828 6046 6047 6099 6258 6613 6614 6855 7276 7277 7405 7523 8467 8980 9049 9104 9147 9753 9754 9866 10066 10525 10526 10527 10554 10597 10647 10953 11719 11855 11856 12875 14667 14677
Green_181590 3144 7665 9166 10690 10874 10875
Green_181591 2409 3365 4243 4438 4439 5672 6370 6384 6385
Green_181592 61 2931 6944 6945 8187 8321 9103 9910 9917 11018 12533
Green_181594 305 778 1041 1283 1467 2008 2469 2550 2551 3670 3671 3939 3940 4722 4817 4818 5232 7077 8663 8664 9444 10173 10174 14776
Green_181595 44
Green_181596 340 397 648 995 1446 1607 1694 1903 2503 2549 3097 3206 3207 3350 3404 3740 4799 4800 5353 5402 5587 5588 5934 6756 7078 7146 8923 8932 9168 9169 9284 9285 9680 9681 11781 11782
Green_181597 4328 4329 6275
Green_181598 2621 2926 3596 4021 4809 4810 5892 8976
Green_181600 6221
Green_181601 6522
Green_181602 8216
Green_181603 176 269 423 1070 1634 2055 2193 2194 2415 2710 2711 2841 2842 2859 3137 3197 3336 3472 3473 3648 3911 4062 4337 4338 4588 4589 4773 5551 5552 6726 7457 7549 8264 8265 8453 8454 8459 8644 8645 8755 8756 8973 9301 9919 10687 10688
Green_181604 4 1031 1626 3155 3540 3767 3768 3826 4235 8436 8437 8486 10822 14685
Green_181605 6325
Green_181607 4749 4922 7282 8015 8016 8391 8634 9107 11957
Green_181608 1265 1664 8633 14722 14727 14758
Green_181609 36 2339 2450 2620 3056 3536 4190 5225 5533 6179 6180 6879 6921 8665 8666 10895 14690
Green_181610 68 598 781 1092 1317 1665 2773 3409 3457 3458 3557 3574 3575 3949 4102 4103 4560 4635 4796 4821 5252 6338 7227 7940 8788
Green_181611 3465 6670
Green_181613 316 733 2054 2907 3593 3678 4748 4931 5569 6899
Green_181614 370 8943
Green_181615 930 1082 1164 1471 2463 3182 4024 7225 8058
Green_181616 1397 2624 4807 5154 5916 7534 7998 13522 13527 14757
Green_181617 416 2540 4741 9724 9725
Green_181619 43 57 682 1310 2579 3440 3537 3761 4008 4009 4840 5059 5065 5683 5864 6875 7046 7057 7274 7289 7797 7867 7921 8237 8238 9114 9195 9589 9600 10003 10004 10403 10495 10578 10579 10650 10651 10731 10732 10866 10867 11042 11149 11162 11190 11338 11538 11694 11835 11836 11843 11844 11951 11952 11965 12118 12178 12182 12188 12189 12205 12297 12402 12435 12473 12474 12509 12510 12608 12766 12787 12963 12972 13056 13183 13395 13423 13457 13528 13552 13685 13797 13971 13981 13998 14177 14185
Green_181620 295 1685 2126 4673 4735 5238 7054 8114 10280
Green_181621 6851 6852 10279
Green_181622 3139 8259 9068 12511 13026 13027 13277 13344 13359 13389 13458 13606 13703 13708 13726 13767 13798 13803 13808 13944 13956 14040 14068 14093 14152 14176 14186 14203 14228 14236 14245 14246 14256 14266 14275 14276 14334 14335 14358 14359 14361 14362 14370 14432
Green_181682 297 2191 3315 3753 4092 4110 6262 6273
Green_181684 690 996 1080 1121 1128 1512 1697 1936 2613 3807 4093 5407 6637 6674 7045 7312 8205 8306 10273 10288
Green_181685 819 1146 1147 1151 1268 1349 1353 1781 2260 2587 4434 4579 5206 5207 5824 5825 6261 6709 6754 7129 7130 7260 8005 8068 8069 8182 9477 9478 9779 9906 9907 9936
Green_181686 207 208 565 702 1190 1191 1350 1384 1385 1388 1473 1505 1551 1552 1727 1880 2431 2432 2454 2535 2586 3327 3351 3388 3389 3729 4435 4678 6269 6616 6617 6626 7941 7983 8398 8974 8975 10780 10781 11166 13825 13997 14691 14699 14735
Green_181688 738 1285 3329 3688 3758 4624 4793 6092 6458 6502 7070 7306 7422 7780 8600 8601 9190 10153 11560 11783 11784
Green_181689 138 389 441 8026 8029
Green_181690 712 1154 1155 1208 1284 1688 1966 2925 3262 3263 3703 4137 4501 4502 4623 4680 5145 5602 5812 5813 6148 6279 6459 7169 7170 7472 7779 8163 8164 8809 9262 10045 10152 10218
Green_181691 3603 5601
Green_181692 186 896 991 992 1076 1784 2084 2397 2840 3117 3118 3225 3352 3491 4364 4464 4465 4738 4739 4909 5143 6257 6507 6654 6655 6901 6958 6959 7459 7573 7789 8267 8268 8492 8969 8979 9414 9434 9764 9867 10038 10465 10880 10900 11048 11792 12995 13833 14046 14047 14416 14474 14554 14648
Green_181693 6989
Green_181694 4832 5928 8445 8552 12774
Green_181695 10943
Green_181696 897 3222 4387 4388 6704 7460 7522 7574 8493 8970 11799
Green_181697 5116
Green_181698 145 478 533 553 763 847 870 959 1077 1348 2000 2004 2037 2061 2352 2556 2761 2965 3166 3558 3559 4146 4583 4653 5137 5511 5767 5933 5952 6020 6037 6038 6186 6187 6200 6259 6260 6316 6317 6506 7110 7111 7360 7478 7788 8292 10464 10702 11740 11741 12146 12147 14684
Green_181699 9413
Green_181700 718 848 4172 4522 5768 5951 6019 6382 10920
Green_181701 4145
Green_181702 365 4631
Green_181703 4001
Green_181704 727 1301 1656 1878 1906 1924 3251 3535 3954 3955 4053 5015 5900 6390 6509 7442 8109 8174 13109 13110
Green_181705 3736
Green_181706 1481 5007 5899 6833 8431 8487 9237 9238 10111 10112 11316
Green_181707 2964 3090 3478 3479 3565 4386 4595 4924 8071 8293 9056 10164 10630
Green_181708 3588 7591
Green_181709 3643 4829
Green_181711 972
Green_181712 586 726 3769 4955 6980 8096 8097 10463
Green_181713 222 526 664 755 786 1069 1243 1452 1574 2583 2677 2724 3480 4054 4619 5016 5017 5133 5134 5284 6124 6125 6452 6453 6678 7582 8138 9211
Green_181714 8767 8768
Green_181715 2452
Green_181716 266 355
Green_181717 2297 3333 3585 4175 4176 6214 6393 9693 9694 10051 14165
Green_181718 364 525 1579 1938 3031 3846 3998 4041 4700 5878 6658 7089 7090 7120 9663
Green_181719 543 5008
Green_181720 2833
Green_181721 20 28 34 119 219 238 313 576 893 960 1681 2186 2371 2372 2494 2978 3183 3482 3777 4225 4412 4418 4761 4762 5412 6110 6111 6392 7000 7171 7172 7353 7356 8472 8473 8914 8915 8959 9431 10341 11873
Green_181722 2114 14720
Green_181724 237 674 1807 2424 2699 3391
Green_181725 918
Green_181726 6235
Green_181728 4016 7153
Green_181729 6940 7887
Green_181730 2034 2360 5795 9202
Green_181731 11089 11629
Green_181733 1558 1957 4849 5217 9339
Green_181813 108 1389 1848 1849 2416 3065 3578 3687 3710 3711 4210 4421 4506 4539 4553 5040 5321 5879 5880 6074 6075 6151 6152 6274 6762 7308 7309 8278 8309 8621 9704 10233
Green_181815 166 204 309 328 374 489 501 594 632 794 809 978 1006 1022 1269 1298 1299 1354 1454 1455 1600 1840 2009 2045 2178 2325 2491 2865 3044 3213 3214 3236 3410 3429 3598 3794 3804 3927 4219 4317 4346 4347 4399 4505 4554 4566 4578 4616 4763 4988 5035 5036 5410 5411 5420 5508 6218 6219 6516 6656 6695 6755 7239 7259 7268 7269 7781 7782 8082 8277 8620 8773 8825 8826 8922 8937 9626 9627 10107 10108 10117 10172 10336 10337 10917 11616 11936 12988 12989 13142 13192 14179 14180 14698 14700 14702 14706 14712 14713
Green_181816 104 140 834 1604 1862 1863 1886 1887 2029 2128 2658 2659 3424 3757 3857 3876 3962 4104 4199 4200 4581 4606 4607 5039 5539 6028 6128 6129 6442 6763 7058 7137 7232 7233 8185 8304 8409 8410 8945 8990 9775 10025 10026 11342 13787 14435 14695 14729
Green_181818 7815 8587 8588 13487 14753 14756
Green_181820 1522 1636 2035 2500 3194 3203 3288 3640 4897 5136 5262 5263 5424 6345 6346 6360 6361 7861 7898 8450 8532 9336
Green_181822 1061 8654 9011
Green_181823 2553
Green_181825 361 420 519 524 1755 2513 2752 2945 3375 3376 3915 4634 5641 5703 5976 5977 6987 6988 7632 8875 9054 9072 9822 9823 11698
Green_181827 2712 4884 5033 7242 8356
Green_181828 125 421
Green_181829 144 3000 3661 3854 4883 5046 5856 6651 6736 6737 7762 9644 10095 10151 10710 11275 12075
Green_181830 67 357 540 766 859 1521 1902 1985 2001 2011 4716 5061 5228 5857 7359 7488 7489 7686 7687 7860 8449 8488 8489 8531 8667 8668 9298 9337 9562 9618 9619 10096 10199 10200 10740 10786 10787 11087
Green_181831 3660 8011 9667
Green_181832 66 178 684 2301 2434 2439 3001 4032 4582 5229 5589 5810 5811 6263 6264 6850 7315 7557 7558 7763 7922 7923 9554 9645 10296 10569 10570 10664 11295 11296 11790
Green_181833 16 311 514 700 803 988 1278 1375 2517 2518 3016 3205 3825 3847 3848 4938 4939 5515 5975 7152 7586 8195 8198 8640 8996 9227 10828 10829 11279 11280 14688 14689
Green_181834 80 1382 2768 6085 6086 6105 6106 6624 10593 10594
Green_181835 837 1035 1229 1244 1468 1889 2559 2689 2946 2947 3010 3200 3830 3910 3981 4377 5126 5517 5518 5890 6082 6083 6177 6178 6898 7755 8072 8073 8507 8579 8745 10005 10208 10209
Green_181836 9803
Green_181837 6391 6508
Green_181838 740 987
Green_181840 444 476 635 665 759 760 935 1240 1875 2241 2649 2754 2899 2900 3883 4107 5425 5426 6380 7125 7126 7625 7626 7671 8383 8384 8602 8603 8614 9251
Green_181841 5974 7585 8194 8197 8639
Green_181842 2916
Green_181843 312 463 818 1029 1644 2806 3100 3101 6203 11256 12102
Green_181844 1463 3045 3481 4713 4714 5687 6999 7977 8844 9580 11308 13297
Green_181845 1239
Green_181846 1067 1136 6769
Green_181847 81 1741 2466 4132 6768 8420
Green_181848 4020 4926 13118
Green_181916 106 678 679 1293 1402 2283 2284 2609 2720 2960 2961 3252 3895 4403 6006 6270 6567 6568 6648 6671 7202 7673 7714 9031 9084 11340 11705
Green_181918 546 1428 1520 1857 1858 2787 2883 3125 3126 3285 4732 4847 5187 6375 6412 6525 7063 7064 7675 7962 7963 8242 9212 9213 9613 10490 10491 11076 11077 11292
Green_181919 511 637 1361 1805 1806 1891 2375 3076 3077 3260 3594 3595 3734 3843 4047 4652 4707 4731 4746 5204 5414 5415 5421 5452 6051 6135 6253 6254 7743 7744 8066 8067 9152 14701 14704 14705
Green_181920 399 850 1011 1476 1801 2215 2216 2530 3102 3839 3856 4580 4726 4805 5083 5084 6027 6068 6069 6114 6352 6353 6782 6783 6868 6869 7161 7162 7383 7384 7469 7514 7555 7556 8386 9088 9089 9528 9746 9747 10413 10414 10523 10524 11413 11414 11935
Green_181921 474 572 844 976 1037 1044 1083 1395 1534 1538 1768 2529 2646 2691 3484 3723 3724 3737 4681 4682 4685 4905 5148 5236 5287 5597 5598 5995 5996 6605 6606 7163 7513 7624 9738 9776 10356 11934 14772 14775
Green_181922 5784
Green_181924 230 516 1416 4294 7025 7026 8201 8421 12262
Green_181925 48 229 548 573 666 1096 1252 1347 1427 1667 2490 3805 3934 4045 4160 4563 4825 5025 5354 5519 6097 6245 6246 7872 7873 8112 8700 8952 10141 14711
Green_181927 811 1489 2678 3032 3111 3312 3746 4152 5388 5389 5685 5686 6536 7931 7932 8055 8087 8774 8775 9041 9909 9991 9992
Green_181929 1357 1488 2086 2459 4182 4295
Green_181930 3905
Green_181931 6956 8953
Green_181932 862 1974 5032 6805
Green_181933 89 1846 2181 2455 2660 2837 3902 4023 5921 5931 5932 6314 6439 6928 6929 7301 7461 8835 9220 9221 10082 12136 12137
Green_181934 127 135 1367 2679 2838 3030 3169 3679 4022 4335 5177 5259 5433 5572 5920 6057 6103 6251 6628 6912 6913 10081 10201 11133
Green_181935 860 1672 1712 2910 3002 3199 3287 3489 4344 4345 4717 4855 5212 6265 6266 7528 7529 8000 8054 8078 8079 8088 8127 8128 8217 9042 9908 10307 12414 12581
Green_181936 1847 1973 3815 4033 4264 5735 6876 6877 8010 9063 9161 9345 9346
Green_181937 9791 11900
Green_181939 6 38 2012 3013 3116 3672 3673 3874 4253 4254 5398 5653 7014 7696 8408 8983 9062 9475 9476 9829 10033 10070 10342 10635 10636 10754 10927 10928 11046 11047 11183 11497 11577 11688 11689 11787 11788 11853 11854 12215 12216 14752 14754 14760
Green_181940 9 112 451 3833 7697 8482 10387
Green_181941 11 177 241 462 577 743 1004 1116 1390 1469 1890 2638 3161 3819 3975 5056 5397 5547 5548 5800 6117 6625 6641 6642 7015 7190 7191 8023 8024 8107 8311 8995 10071 10563 10564
Green_181942 2132 2309 2634 2920 3071 5756 6115 6846 8653 10915
Green_181943 6050 6770 6771 9129
Green_181944 2829 3544 3545 4486 7357 10889 14502 14515
Green_181945 856 879 1003 1205 4887 6049 6839
Green_181946 4639 7868
Green_181948 183 253 452 536 623 788 808 817 885 886 1925 2033 2267 2348 2349 2484 2554 3658 3659 4013 4173 4174 4503 5149 5150 5357 5358 5694 6584 6585 7235 7656 8017 8018 9236 9438 9628
Green_181950 2465 3890 6916 10063
Green_181951 2639 2640 3941 5948 6042 6284 6618 9404
Green_181952 5538
Green_181953 386 932 1458 2266 2492 2784 4019 4867 7704 7705 8413 10035 12085
Green_181954 3747 7428
Green_181957 11357
Green_182053 173 547 1231 1273 1294 1311 1327 1358 1979 2772 3793 3930 4688 4689 4785 4786 5380 5399 7620 7715 8074 8517 8518 8597 8598 8657 10197 10198 10819 10820 10956 10957 14692
Green_182055 75 141 155 192 344 437 455 471 719 825 839 1034 1326 1410 1434 1474 1475 1749 2036 2163 2528 2672 2785 2786 2845 2846 2902 2932 2988 2989 3023 3049 3073 3109 3163 3254 3401 3446 4074 4108 4109 4220 4221 4405 4408 4433 4467 4819 4954 5188 5274 5275 5309 5310 5338 5339 5417 5873 5874 5907 5908 6329 6330 6457 6672 6673 7066 7067 7358 7419 7420 7540 7541 7563 7564 7621 8075 8180 8241 8340 8341 8672 8673 8951 9303 9381 9382 9498 9641 10784 10785 11680
Green_182056 1403 2736
Green_182058 1674 1949 2392 2627 2628 2993 3004 3145 3146 3755 3756 4420 4736 4737 4820 4986 5235 5311 5902 6059 6862 6889 6890 7908 8012 8576 9363 9664 9665 10353 11325 11559 12366
Green_182059 302 3992 6832 7974 8337
Green_182060 977 1038 1132 1461 3003 3178 3275 3714 5901 6557 6558 6589 6861 8229 8230 8385 8577 9362 9529 10423 11326
Green_182061 353 2273 2386 2387 2596 2934 2971 3017 3098 3982 3983 4038 4642 4854 5340 5422 5679 5966 5967 6048 6175 6176 6743 7101 7655 7976 8739 10611 10612 11215 14349
Green_182062 1368 1426 1465 2557 2575 4477 4824 5770 6927 7446 7774 8051 8178 8179 9484 10539 10540 12486 14750
Green_182063 52 1138 1345 1501 2595 3070 3079 3080 3177 3274 4608 5024 5317 5318 7773
Green_182065 1502
Green_182066 937 3188 4641 4711 4994 5435 5466 5678 6333 6632 10247
Green_182067 1363 2804
Green_182069 1055
Green_182070 2843 3774 4391 8137
Green_182071 142 239 1362 1508 1509 1779 3234 5432 7042 9469 10094
Green_182072 1587 3033 4925 10749 11515 12009
Green_182073 362 861 2895 2896 3818 5611 5785 5998 8124 9192 9193 9935 10090 10298 10343 10428 10429 10720 10904 11152 11153 11576 11637 11638 11808 11809 11986 12119 12183 12348 13114 14773 14774
Green_182074 12349 12516 12605 12620 12782 13382 13383 14504
Green_182075 291 7607 10299
Green_182077 107
Green_182078 172 629 780 1112 1166 1167 2572 2573 5729 5943 5944 6484 7989
Green_182082 7313 7314 8961 9380 9583 10371
Green_182083 10372
Green_182084 307 3858 6960 7890 8778
Green_182085 2081 2082 3015 3987 7439 8960
Green_182086 5256 6961
Green_182087 3175 3176 10703
Green_182088 3058
Green_182089 11457
Green_182090 7391
Green_182091 4886 7440
Green_182092 7 528 835 1570 1742 2077 3215 3216 5666 6311 6619 6722 6819 7708 8214 9270 9573 10671 11281
Green_182093 2487 3583 3584 3889
Green_182095 1393 6220 6772 6773 9230 9989
Green_182096 2014 4626 5333 7108 10962
Green_182097 531 1571 4353 4481 5820 6982
Green_182098 1431 2377 2522 2612 3367 3380 4694 5671 5821 5848 6039 6857 7475 9265 9905 10085 10086 10884
Green_182099 3980 7109 7287 8736 8737 10885 10886
Green_182101 6884
Green_182194 838 1179 1234 1869 2834 3884 6349 6550 7499 7500 8505 8519 8520 8572 9495
Green_182196 1272 1673 2835 4276 4324 4394 4395 6549 7145 8762
Green_182197 228 282 826 1193 1194 1584 2103 2385 2590 2851 2968 3319 3320 3501 4004 4144 4651 4949 4950 5497 5803 6084 6201 6202 6288 6627 6888 6919 6920 7299 7300 7410 7816 7817 7841 7842 7901 8148 8509 9146 9677 10018 10348 10385 10386 10587 11386 12343 13987
Green_182198 591 695 761 877 1047 1111 1677 2546 2739 3022 3162 3266 3271 3918 4567 4568 4658 4659 5243 5244 6289 7210 7742 8636 9145 11840 12145
Green_182199 113 611 2918 3652 4165 4759 4770 4791 6379 6634 7961 8502 8503 8982 9470
Green_182200 4548 4912 6974 7168 7411
Green_182201 1251
Green_182202 2080 9551
Green_182203 278 584 998 1841 5500 5501 7681 8165 8696 10532
Green_182206 336 439 796 797 1328 1711 3047 3223 4393 5291 5292 6739
Green_182207 341 367 467 562 871 908 1168 1316 1391 1392 1414 1530 1548 1549 1767 2252 2253 2363 2395 2396 2617 2619 3303 3513 4091 4665 5009 5101 5349 5914 6413 7012 7013 7102 8318 8740 8804 8852 8930 8931 9016 9058 9436 9437 10441 10442 13262
Green_182208 936 1135 1152 1210 1652 1874 3124 3328 3422 3423 4017 6066 6211 6212 7091 7092 11393 11728
Green_182210 869 7838
Green_182212 650 654 812 3518 3519 3803 5288 6305
Green_182213 725 14778 14783
Green_182214 39 199 413 691 1203 1329 1828 2095 2615 3212 3232 3233 3304 3935 4241 4242 4392 5146 5147 5575 5631 5632 5699 5700 5832 5833 6474 6475 6738 6867 7828 8273 8274 8534 8625 8889 8890 8901 8902 9108 9109 9174 9175 9267 9268 9777 9778 10155 10156 14264 14322 14687 14694
Green_182215 1633 2388 2766 6328
Green_182216 53 380 508 3691 3750 3785 4654 4655 6977 6978 8170 9873
Green_182218 58 449 1158 1274 1424 1787 2591 3250 3420 3990 4305 4361 4594 5004 5487 6498 6696 6752 6753 9185 11797 12864
Green_182219 2421 3625 3991 5744 6697 8374 10399 10400
Green_182220 8540 10241 10251
Green_182221 7840 8831 8832
Green_182222 85 512 1821 8524 8988 11604
Green_182224 169 193 263 1457 1988 1989 2944 3704 6366 6472 6473 7587 7819 8691 9449
Green_182228 11419
Green_182230 251 1248
Green_182232 1277 3461 5183 6209 6373 7685 8358 9184 10971 11259 11478
Green_182234 1212
Green_182235 30 2629 2665 2702 2703 2759 5132 7288 14731
Green_182236 2861
Green_182238 1915 4208 8154 8905
Green_182239 527 3348 5745 5746 8840 9887
Green_182240 250 2370 3966 3967 4371 4587 4715 5282 5283 5474 5708 6168 6802 7222
Green_182241 1835 2574 4935 4936 5344 6208
Green_182242 5345 6798 10439 10440 10773 11418 12115 12116
Green_182243 1542 2905 4068 6167 6803 10022
Green_182245 1059 4010 4470 5888 6126 6127 6416 6858 6878 8541 8543 8544 9021 9296 10300 10502 10503 10562 10947 11460 14600
Green_182246 641 1058 1582 4447 7749
Green_182247 7748
Green_182248 1543 4446 4625 5286 6368 6500 6501 7896 7897
Green_182333 210 522 644 1692 1968 2144 2805 3878 5166 5167 5676 5677 6064 6065 7023 7024 7103 7104 8034 8209 8210 9816 9817 10102 10103 10517 10518 10844 10845 10935 11352 11353
Green_182335 86 93 95 114 211 234 358 412 450 483 492 510 521 590 610 645 1178 1411 1412 1743 1769 2039 2040 2050 2074 2177 2569 2644 2751 2836 2930 2952 2969 2982 3347 3665 3666 3786 3919 4064 4065 4066 4079 4204 4205 4206 4431 4916 5037 5038 5102 5103 5192 5193 5245 5246 5327 5328 5447 5595 5596 5600 5696 5865 5866 6517 6518 6680 6681 6847 6848 6965 6966 7341 7342 7416 7417 7661 7662 7775 7776 7862 7863 8019 8020 8098 8099 8145 8146 8622 8623 8648 8649 8971 8972 9051 9052 9481 9514 9515 9689 9690 9922 9923 10727 10728 10794 10795 11828 14640 14652
Green_182336 560 1339 1507 2139 2140 2477 3600 4695 4864 4946 5942 7546 7641 8302 8303 8626 9077 9078 9263 9264 14763 14764 14768 14769
Green_182337 276 319 538 711 3292 4155 4496 4561 4964 5158 5941 6577 6578 7545
Green_182338 232 301 747 882 884 1204 1700 1976 2318 2461 2567 2980 2981 3025 3332 4191 4192 4640 5546 6590 6591 6815 6870
Green_182339 537 901 2335 4913 5929 8501
Green_182340 911 1429 3123 3485 7285
Green_182341 3384 8387 9279 9712 9713
Green_182342 224 872 1588 2063 2373 2499 3046 3158 3159 3160 3869 4121 4122 4422 4861 5161 5162 6298 7399 7833 7857 8115 8152 8153 8207 8255 8364 8412 8417 8418 8479 9199 9278 9350 9895 10028 10048 10049 10169 10170 10224 10265 10496 10497 10639 10640 10796 10797 11145 11204 11205 11483 11484 11564 11565 11635 11636 11656 11657 11695 11696 11798 11819 11820 11871 11872 12047 12170 12171 12207 12208
Green_182343 139 929 2498 4287 4308 4309 4380 4381 5599 6476 6909 8084 8795 8910 10036 10056 10223 10244 10488
Green_182344 366 2064 2270
Green_182345 686 4772 5822 7444
Green_182346 1459 1480 3464 4296 5219 5993 5994 6013 6014 6724 6998 7291 7363 7554 8320 14670 14672 14675
Green_182347 4839 12937
Green_182348 938 1683 2091 3050 3280 3385 3470 3471 3868 6347 6348 6936 7216 7217 7827 8116 8388 8624 9894 10792 10793
Green_182349 2326 4044 4376
Green_182350 2005 2006 4705
Green_182352 14 32 3463 4558 8613
Green_182353 1254 1255 3562 4130 4547 4609 12347 12959 13239
Green_182354 1325 1490 1842 1951 2474 3402 3732 3996 4232 6228 6434 6499 8483 8484 8858 9046 9128 9201 9222 9308 9309 9428 9429 9675 10888 11062 11164 13146
Green_182355 3626 3864 3964 4227 4228 4454 4771 5233 5234 5743 6402 6586 6635 6636 7837 9127 9994 10183 10190 11708 12133 12222 12704
Green_182356 8684
Green_182357 753 754 3798
Green_182358 1261 2405 4061 4098 4217 4570 5152 5306 5818 6496 6603 6610 8908
Green_182362 261 469 673 891 907 2221 2262 3920 4043
Green_182363 1899
Green_182364 10925 10926 11411
Green_182366 7200
Green_182367 137 1710 1882 2148 2808 2950 2951 3706 5473 8177 8731 9376 9517 9642 9643 10013 10514 10515 10675 11311 11312 11333 11334 11609 12225 12226 12227 12364 12365 12603
Green_182368 3530 4730
Green_182369 3529 3837 5763
Green_182370 559
Green_182371 5762
Green_182372 843 895 1295 1296 2860 3460 8368
Green_182373 4209 6758 8231 9535 11260
Green_182374 1704 5705
Green_182375 5610
Green_182377 1017 1018 1585 2990 4119 4466 4629 6415 6563 6564 7322 8448 8542 9246 10268 10774 11014 11015 11050 11051 11110 11143 11154 11155 11303 11361 11362 11582 11655 11690 12108 12278 12461 12462 12569 12583 12584 13022
Green_182379 10267
Green_182380 1581
Green_182481 820 1103 1104 1744 1772 2027 2133 2201 2444 2445 2770 2771 3277 3314 3521 4096 4097 4272 4888 5416 7131 7132 8362 8866 8867 8871
Green_182483 124 765 906 1016 1114 1246 1247 1399 1400 1646 2051 2052 2105 2243 2367 2407 2508 2738 2747 2748 2776 2811 2849 2850 2919 3184 3372 3442 3765 3813 3820 3924 4313 4549 4550 4718 4911 5066 5376 6053 6054 6420 6421 7327 7328 7382 7434 7462 7497 8143 8144 9156 9623 9637 9638 10989 14187 14244 14310
Green_182484 359 460 914 1113 1396 2025 2356 3127 3407 3408 3582 4498 4921 5123 9155 14680
Green_182485 342 730 771 1227 2464 4696 7389 7390 7645 7646 8627 10445 13655 13906
Green_182486 12 200 275 643 1060 1545 1708 1943 2058 2366 2632 2633 2735 3276 3283 3715 4039 4040 4270 4271 4299 5350 5351 5605 6154 6155 6326 6327 6467 7031 8258 8359 8585 8813 8847 9135 9493 9494 9503 9577 9783 10446
Green_182487 709 1356 1491 2435 3814 4910 5067 6687
Green_182488 1086 2462 5930
Green_182490 162 498 506 909 965 1335 1684 2002 2092 2594 2935 3355 3373 3741 3859 3860 3861 3887 4135 4853 5525 5693 5970 5971 6250 6548 6643 6644 6647 6935 7069 7147 7148 7185 7280 7281 8039 8631 8632 8850 9010 9090 9100 9231 9232 9351 9736 9766 10334 10544 10995 11372 11373 11875 11876 12997 13003 13352 14133
Green_182491 123 154 982 990 1039 1071 2321 2365 4636 5454 5690 6448 8161 8222 8263 10536 13096 13312
Green_182493 13915
Green_182494 10973
Green_182495 602 2107 4803 7792
Green_182496 790 986 1117 2610 2611 2778 3795 4114 4766 5638 5639 6430 6571 6997 7927 9349 9896 10305 10390 10391
Green_182497 4776 6100 7443 7702 7703 9047
Green_182498 962 2901 6389 10543
Green_182499 6904 8504 8962 8978
Green_182500 13181
Green_182501 1124 2536 4170 4813 5280 6194 8189 9387
Green_182502 10225 14075
Green_182503 122 226 619 789 993 1133 1810 2151 2794 3018 3539 4171 4814 5018 5279 5823 5954 6101 6122 7127 7128 8156 8157 8188 9355 9369 9370 9596 10221 10222 10887
Green_182504 1222 1809 4455 8859 9356 11063
Green_182505 2226 2481 2482
Green_182506 4368 4416 5782
Green_182507 11266
Green_182509 2509 9893 10993
Green_182511 8726 9290
Green_182512 466 1126 1910 4683 4684 7006 7519 8734 8735 9030
Green_182513 5021
Green_182514 6121
Green_182515 3951
Green_182518 6182 6432 6554 7016 8191 9325 9607 9734 9735 9980 10614 10615 10807 10808 11314 11672 11817 11944 12081
Green_182520 11829
Green_182521 10746 11673
Green_182524 2683
Green_182525 6555
Green_182526 5644
Green_182527 1171
Green_182529 7602 11379 11443 11444 11611 11898 12360 12361
Green_182530 3762
Green_182531 244 350 1669 2217 2675 2939 2940 4231 5953 6144 6405 6406 6513 6683 6684 6907 6969 7321 8393 8394 9375 9524 11433 11709 11863 11908 12688 14683
Green_182532 7609 7610 11592
Green_182533 425 1159 1959 3063 3928 4389 4390 7251 7948 9032
Green_182534 3196 4063 6968
Green_182535 1757 1853 2986 4058 4531 4630 5250 5251 6272 6512 7039 8139 8140 9394 10227 11216 11217 11558 11654 11984 11985 12012 12279 12689 12738 12867 14674 14682
Green_182536 10412
Green_182652 2820 3642
Green_182653 500 824 1057 1098 1162 1499 1554 1555 1824 2742 3849 3957 3958 4815 4951 5003 5270 5449 7061 8416 8682 8683 9312 9565 11099
Green_182655 79 94 268 306 377 707 984 1007 1015 1027 1056 1100 1338 1433 1592 1721 1895 1940 1941 1992 2106 2174 2175 2202 2303 2401 2520 2521 2661 2812 3282 3523 3641 3693 3766 3779 3780 3946 4262 4263 4402 4497 4816 5000 5011 5213 5249 5329 5365 5366 5462 5585 5586 5787 5788 5834 5835 5867 5868 6072 6073 7018 7060 7261 7262 7270 7479 7737 7739 7740 8027 8556 8589 8590 8816 9138 9139 9204 9205 9256 9257 9354 9518 9519 9744 9745 10010 10278 10574 10575 10735 10736 10948 11241 11476 11477 11513 11514 12008 14501 14584
Green_182656 65 248 670 708 757 913 944 979 1432 1456 1761 1762 1775 1954 2149 2223 2311 2400 2647 2749 2825 3556 3586 3587 3809 3810 4290 4291 4401 4482 4709 4723 4779 4977 4978 5107 5507 5544 5545 5854 5855 6043 6044 6547 6580 6581 7019 7213 7248 7271 7565 7566 7584 7738 8077 8369 8370 8670 8671 8785 8792 8793 9572 10459 10535 10582 10725 10726 10949 12741 12742
Green_182657 35 1492 1546 1576 1577 1766 1883 1998 2437 2471 4056 5628 9000 9281 11358
Green_182658 2085 2150 7853
Green_182659 9162 9812
Green_182660 647 667 1696 4133 4149 5986 6560 6793 6794 7494 8223 8224 9098 9163 9811 14781
Green_182661 254 1484 1682 1751 1793 1794 2302 2681 2832 3181 3253 3279 3342 3566 4148 4490 4491 5583 5656 5774 5775 6788 6795 6796 7318 7680 7777
Green_182662 218 1408 1485 3165 3374 3466 4298 4575 4576 4611 4979 5477 6241 6242 6897 7020 7021 7616 7679 11233
Green_182663 600 940 1999 2470 3157 7495 7496 8999
Green_182664 78 1963 3067 3628 4410 4927 5719 5912 6143 6573 9102 9467
Green_182665 646 822 1149 1662 1750 2637 3394 3749 3862 3892 4159 4674 5475 5720 5911 7072 8248 8798 8799 9101 9219 9525 9526 9540 9757 9955 9956 10854 10972 11206 11207 14545 14620
Green_182666 618 744 1415 1441 2472 3834 3993 5987 6559 6903 7186 7470 7493 9099
Green_182667 202
Green_182668 1680
Green_182669 2877
Green_182671 203 752 823 1286 1944 1945 3580 4660 5014 8260 8261 9579 14743 14744
Green_182672 1960 2030 2031 2239 2240 2319 2726 3171 3505 4973 4974 5470 5471 6706 6707 7218 7219 7745 7746 7766 7767 7929 8131 8512 9096 9097 10998
Green_182673 115 296 384 627 634 1703 2641 2642 2822 3476 3608 3674 4005 4449 5537 5870
Green_182674 8630
Green_182675 8249 8868
Green_182677 1024 3581 4069 4690 5255 6511 7208 7229 8547
Green_182678 8629 8716 9186 9187 14392 14410
Green_182680 2123
Green_182681 5062 9715 9727 9882 11079
Green_182682 4537 6300 6860
Green_182684 6009 6410
Green_182685 3533
Green_182688 13313
Green_182691 4795
Green_182692 662 1962
Green_182693 5555 5682 7969
Green_182694 1619 6963 7968
Green_182695 8250
Green_182696 880
Green_182697 6320 6962
Green_182698 1143 6321 8036 8190 10168 10319 10471 10622 10623 11208 11374 11375 11602 11818
Green_182700 6008
Green_182703 6364
Green_182705 260 504 6431 9606 11209 11489 11518 11519 11601 11716 11717 11916 11917 12063 12064 12082 12456 12457
Green_182706 7368
Green_182707 11261
Green_182708 11262
Green_182709 7022 7693 11914 12290
Green_182710 6760
Green_182711 1657 3257 3261 6303 6304 6710 6711 6908 7809
Green_182712 1235 1562 2070 2234 2906 3093 3094 5336 5337 6942 7254
Green_182713 1025 1613 1635 4841 8659 8660
Green_182715 8427 11766 12770 12771
Green_182716 804
Green_182718 1263
Green_182719 10411
Green_182722 3087 10290
Green_182723 8925 10031
Green_182838 327 854 892 1990 2038 2623 3040 3041 4382 4517 6931 8365 8538 8539 8786 9809 9810 11324 13123
Green_182840 853 7785 7786
Green_182841 249 459 657 768 787 1074 1422 1598 1717 1792 1991 2145 2653 2826 3051 3511 3542 3664 3782 3908 4269 4781 4782 4797 5860 5915 6079 6146 6147 6292 6821 6993 6994 7432 8006 9037 9038 9396 9397 9785 9786 10275 10427 11212 13534
Green_182842 22 216 1307 2286 2287 2369 2962 4352 4473 5109 5110 5910 6450 6451 7581 8546 8749 9740 9741 10505
Green_182843 215 1319 1993 2007 3281 8545
Green_182844 285 3453 6093 7097 7098
Green_182845 873 1215 1216 1271 1689 2231 2480 3026 3449 3450 3573 3872 3873 4245 4283 4423 4424 4708 5625 5629 5630 6112 6113 6428 7596 8044 8045 8407 8508 10620 10707 11235 11236 12192
Green_182846 120 187 360 424 454 583 628 649 669 671 775 776 1028 1106 1175 1366 1722 1776 1816 1820 1881 1926 2330 2331 2361 2753 3220 3499 3500 3525 3526 3541 3791 4157 4158 4316 4692 4693 5012 5060 5467 5584 5617 5937 8002 8003 8584 9116 9770 13004 13050 13823
Green_182847 433 1078 1148 1591 1896 2089 2090 5013
Green_182848 198 332 693 1087 1270 1975 2285 2298 3027 3218 3387 4180 4246 4284 4734 4878 4879 4970 5063 5624 6540 9501 9502
Green_182849 1369 2028 2113 2719 6735 8221 9722 14777 14779 14784
Green_182850 840 3180 4230 6012 10934 14751
Green_182851 3415
Green_182852 4426
Green_182853 1671 3516 11598 11646 11974 12048 12121 12122 12155 12219 12277 12518 12519 12682
Green_182854 668 1292 1370 1442 1495 1578 5503 5540 5541 5881 5882 6631 7121 7122 7880 8046 10002 10252 10253 10825 10826
Green_182855 2656 2707 2708 2954 4441 4513 4590 5127 5179 6740 6741 8247 8646 8647 9360 9850
Green_182856 4409
Green_182857 5594 6676 6787 9536 9868 10606 10652 10945 11083 11226 11453 11473 11883 11884 11923 12276
Green_182858 6109 8754 9864 11232 11440 11597
Green_182859 6786
Green_182861 961 2894 5254 5858 6582
Green_182862 7993
Green_182863 3083 10131 10435 11252
Green_182864 11223 11530 11989
Green_182865 1130 1184 1788 2870 2991 4830 4989 4990 5048 6800 7230 7992 8228 10146
Green_182866 11239
Green_182869 10132
Green_182871 3432
Green_182873 9240
Green_182875 4029
Green_182876 6859
Green_182877 1961
Green_182878 12252
Green_182879 12363
Green_182880 3322 3436 3437 4331 10338 12559 12895 13029
Green_182881 11240
Green_182886 2666
Green_182891 9250
Green_182893 11490
Green_182894 7551
Green_182896 1173
Green_182898 1516
Green_182899 10030
Green_182900 484 658 734 1660 4186 4187 5962 6036 6933 7155
Green_182901 9969 10714 11214 11408 12032
Green_182902 3359 3360 4123 6207 8563 9684
Green_182903 6206
Green_182904 2383
Green_182905 4215 9963 11915
Green_182906 3237 4124
Green_182908 1557 2406 5335 6607
Green_182910 5001
Green_183023 2943 3150 3313 3638 3639 3712 3984 4105 4474 6229 6230 6468 6892 6893 6930 7192 7252 7253 7991 9167 9233 9234 10306 10810 10811 11729
Green_183025 50 354 432 456 574 770 795 1302 1373 1437 1486 1487 1699 1825 1839 1907 1930 1931 1952 1953 2056 2065 2072 2088 2115 2195 2200 2274 2601 2765 2913 2914 2942 3149 3416 3483 3577 3589 3590 3599 3617 3645 3646 3781 3875 4087 4314 4315 4357 4358 5075 5182 5375 5527 5528 5739 5740 5851 6478 6950 7231 7264 7265 7348 7349 7433 7492 7511 7512 7614 7622 7623 7820 9057 9092 9223 9463 9464 9538 9539 9650 10106 10274 10770 11474 11512 14697 14716 14725 14745
Green_183026 495 698 769 916 917 980 1062 1084 1315 1826 2853 3852 4397 4398 4866 5747 5940 6165 6166 7350 7408 7409 7878 7879 8628 9294 10230
Green_183027 866 874 919 920 1144 1202 1439 1524 1892 1893 1927 2062 2111 2112 2555 2743 2769 2995 3299 3300 3302 3305 3486 3514 3667 3801 3812 4201 4202 4244 4507 4508 4663 5043 5457 5651 6822 8344 8480 9318 9983 11085 11463 11526 11586 12622 12751
Green_183028 4169 7247
Green_183029 677 1008 2803 12772
Green_183030 13770 13799 13895
Green_183031 349 378 391 1919 1920 2110 2340 2592 2622 2718 2722 2921 3764 4468 4524 4822 4823 4860 5730 5731 6160 6545 6546 6830 6831 7010 7234 7751 7943 8879 8880 10113
Green_183032 37 352 3571 4618 4880 4904 6032 8611 8612
Green_183033 713 1379 1701 2328 2404 2912 4185 4555 5064 5086 5816 5817 7187 9126
Green_183034 97 170 201 513 520 607 622 1264 1351 1386 1510 1797 1798 1808 1813 1987 2053 2083 2196 2198 2264 2265 2308 2390 2391 2593 2631 2878 2879 2922 3273 3448 3936 4218 4379 4445 4515 4516 4859 5362 5363 5434 5650 5726 5727 5814 5815 5894 6161 6354 6355 7149 7503 7583 7876 7877 8118 8285 8921 9154 9507 9557 9662 9921 9973 9974 9975 9976 10196 11028 11031 11389 11390 11662 11663 11767 11768 11950 12154 12197 12302 12303 12463 12464
Green_183035 84 118 299 473 1030 1314 2041 2211 2495 2937 2938 3110 3552 3553 3963 5096 5209 5852 5853 6011 6217 6287 7453 7454 7822 8062 8063 8227 8294 8295 8822 9080 9273 9591 9636 9696 9946 9947 10176 10311 11032 11057 11096 11102 11112 11158 11779 11780 11794 11804 11846 11847 12042 12230 12383 12517 12737 12879
Green_183036 749 6281 7882 7903 8535 8753 9920 10162
Green_183037 9006 11090 11529 11550 11796 12046 12104 12257 12258 12431 12740 12762
Green_183038 831 2669 2670 2694 2723 3042 10310 10381 11938 12015 12025 12344 12611 12655 12827 12841 12861 12908 12957 12985 13093 13170 13209 13218 13376 13407 13408 13514 13663 13727 13728 13736 13737 13777 13819 13846 13847 13912 14747
Green_183039 659 1854 1901 2124 2511 2758 2908 2933 3321 3425 3426 3452 3827 3828 4492 4894 5453 6174 6665 6923 7065 7627 7630 7997 8575 8608 8873 9441 9442 9891 10215 10237 10534 10598 11213 11229 11230 11253 12105 12173 12229 12282 12378 12552 12553 12629 12630 12663 12664 12973 13099 13269
Green_183040 9274 9371 10541 10673 11466 11467 11625 11772 11773 11887 11933 11939 12337 12466 12501 12502 12523 12546 12547 12658 12659 12698 12706 12834 12847 12848 12865 12866 12942 12951 13097 13098 13237 13238 13300 13301 13365 13366 13373 13374 13426 13587
Green_183042 5904 8794
Green_183046 5903
Green_183157 603 604 1372 2199 4224 4969 5560 5862 6469 6668 7100 7114 7985 7986 8276 8353 10484 10485 10713 11285
Green_183159 699 805 900 1120 1160 2066 2073 3021 3570 3689 3690 3976 3977 4088 4164 4273 4440 4801 4968 5542 5543 5827 5984 5985 6185 6669 6812 7099 7115 7283 7284 7688 7803 8110 8111 8275 8428 8523 8884 9069 9332 9333 9784 9794 10139 10351 10352 10600 10601 10848 10954 10955 11114 11177 11178 11237 11245 11286 11344 11421 11422 11501 11502 11511 11622 11760 11858 11894 12111 12112 12129 12130 12162 12184 12185 12265 12266 12316 12317 12318 12358 12359 12407 12437 12446 12447 12493 12534 12535 12578 12691 12695 12790 13033 13074 13088 13175 14658
Green_183160 12106 12713 12714 12856 12927 12928 12998 13013 13242 13339 13349
Green_183161 8 626 1066 2756 4838 5553 6029 6248 6891 7747 8669 9815 10012 10138 10140 10432 10449 10697 10877 10878 11148 11660 11661 11891 11892 11893 12034 12086 12107 12231 12371 12372 12408 12694 12708 12874 13063
Green_183162 806 956 1333 5524 6576 6717 6914 8094 8095 9136 10257 10883 11776 11815 12035 12087
Green_183164 1844 9083 10195 10921 11000 11001 11116 11117 11181 11182 11244 11331 11492 11572 11584 11585 11664 11721 12039 12050 12051 12092 12195 12200 12201 12211 12212 12240 12241 12321 12322 12454 12455 12483 12528 12544 12563 12576 12594 12610
Green_183165 1702 2023 3654 3942 4521 5689 5861 6575 6995 6996 7337 7844 8566 9066 9131 9132 9691 9692 10186 10187 10668 10669 10882
Green_183168 71 171 3618
Green_183169 12912 13072 13073 13331 13332 13422 13425 13583 13720 13721 13820 13966 13967
Green_183170 3068 3069 10177 10415 10591 11652 11756 11838 12023 12077 12292 12293 12525 12526 12536 12596 12631 12773 12877 12878 12899 12970 12971 13023 13090 13328 13421 13556 14101
Green_183171 1409 3113 4520 6765 7858 8117 8402 8403 9082 9259 9534 9871 10416 11579
Green_183172 12651 12701
Green_183173 2210 2577 2578 2732 3130 3131 3156 5130 5131 12175 12537 12593 12673 12880 12898 12909 12946 12947 12969 13106 13174 13190 13191 13255 13267 13363 13367 13372 13406 13409 13411 13529 13537 13545 13572 13573 13576 13626 13650 13717 13724 13752 13905 13955 13972 14089
Green_183174 11877 12076
Green_183175 2269 2410 3417 4167 5095 5581 6010 6556 6924 6937 8854 9081 9149 9695 10214 10309 10599 11224 11805 11862 12520 12521 12807 12860 13173 13377 13410 13412 13603 13604 13873 14031 14032
Green_183176 289 3082 5175 5176 6646 7507 7508 8155 9272 9890 10843 11399 12163 12164
Green_183298 7689 7804 10849 11343 11621
Green_183300 9943 9944 10712 11113 11510
Green_183301 2539 2541 5637 6414 10080 11857 11955 11956 12433 12577 12690 12904 13234 13250 13251 13485 13486 13531 13535 13536 13592 13615 13623 13666 13824 13856 13887 13945 14108 14703
Green_183302 9549 12100 12161 12700 13075
Green_183303 12855 13015 13016 13064 13086 13171 13214 13236 13338 13350 13375 13387 13388 13417 13424 13497 13559 13624 13695 13696 13733 13773
Green_183304 12595 12808 12838 12839 12910 12911 13115 13418
Green_208893 12903 13030 13168 13284
Green_208904 10015 11382 11383 11420 11527 11606 11620 11811 11850 11909 12030 12031 12054 12055 12070 12204 12394 12395 12488 12647 12671 12672 12754 12755 12765 12869 12944 12976 13044 13046 13215 13216 13221 13326 13357 13358
Green_208913 2247 2810 2848 4339 6694 6948 7538 7760 7761 8346 9023 9328 9329 9410 9411 10545 10839 10840 10908 10909 10999 11263 11264 11403 11446 11566 11605 11619 11851 11869 11870 11918 12165 12166 12341 12458 12459 12615 12638 12639 12662 12803 12804 12930 12931 12981 13047 13126 13134 13325
Green_208921 338 1119 5151 6150 6308 6319 8324 8329 8934 8935 9022 9321 9566 9567 9716 9717 10000 10014 10451 12073
Green_208931 217 1802 4963 5697 5698 6307 6663 7241 7669 7759 8130 9173 10425
Green_208941 110 915 3806 4071 5999 6000 6825 6882 7075 8129 9931
Green_208955 1698 3629 4111 5055 5765 7311 7429 8497
Green_208965 4211 5320 5751 5769 6486 8308 8715 11589 12169
Green_208973 194 3496 3497 7203
Green_208983 4443 7331
Str_149919 10625 11667 11677 11735 11860 12099 12403 12427 12549 12696 12697 12736 12779 12809 12810 12818 12835 12974 13038 13041 13143 13208 13385 13386 13460 13462 13471 13582 13596 13780 13781 13821 13863 13907 13908 13964 14092 14555
Str_149920 11024 11186 11676 11859 11998 12090 12244 12404 12479 12484 12548 12601 12897 12914 12975
Str_150061 2875 14417 14575 14623 14635 14636
Str_150062 13198 13610 13700 13807 13948
Str_150063 5 801 2418 2599 2600 3413 3414 4086 4564 4565 4843 4844 5383 5384 7406 7407 12332 12870 12915 13019 13136 13137 13201 13273 13292 13318 13347 13569 13640 13641 13661 13710 13712 13775 13776 13835 13877 13902 13923 13953 13984 14001 14033 14044 14045 14072 14111 14112 14174 14182 14183 14184 14189 14190 14192 14260 14290 14291 14307 14308 14313 14314 14385 14511 14557
Str_150065 11641 13435 13612 13613 13614 13936 13985 14034
Str_150207 11505 12331 12430 12438 12626 13144
Str_150208 2291 10719 11081 12428 13394
Str_150209 3324 4250 10529 14194 14366 14443 14512 14550
Str_150210 2538 4249 4268 5308 6456 11930 12329 12354 12380 12396 12397 12415 12478 12540 12574 12634 12653 12921 13040 13087 13166 13197 13305 13320 13355 13356 13434 13441 13490 13491 13498 13499 13607 13608 13621 13632 13633 13660 13688 13750 13757 13758 13834 13842 13850 13851 13864 13876 13890 13935 13995 14061 14065 14106 14136 14147 14155 14156 14175 14224 14225 14234 14325
Str_150212 12604 13734 14090 14149
Str_150361 875 1322
Str_150362 2293 4487 11890 11895 12271 12449 12718 12828 13060 13172
Str_150363 3326 6291 8819 9972 10116 10656 10657 10683 10684 10700 10940 12369
Str_150364 264 736 4574 5809 7651 8091 8168 8169 8776 10722
Str_150365 5401 5680 6774 8883 9846 10349 12752 12822 12823 13520 13716 13763 13903 14029
Str_150366 3899 7307 13852 13853 13860 13861 13869 13871 13891 13982 13983 13996 14024 14062 14105 14258 14259 14356 14357
Str_150367 3560 3561 3685 3686 3865 3866 3900 4247 4248 4355 4356 5549 5550 11658 11691 11881 12067 12159 12249 12264 12275 12325 12326 12345 12500 12750 12833 12884 12885 12932 12953 12956 12999 13034 13158 13189 13195 13232 13246 13419 13420 13470 13481 13503 13509 13515 13555 13584 13585 13622 13625 13662 13676 13677 13702 13745 13746 13747 13826 13827 13868 13897 13898 13910 13911 13950 13951 14023 14027 14028 14035 14036 14057 14066 14091 14150
Str_150368 11659
Str_150514 3632 6728 9497 11812 11845 12071 12094 12390 13054
Str_150515 7296
Str_150517 25 293 303 1137 3036 3576 3655 3656 3751 4602 5027 5342 5521 6595 7181 7334 7944 7945 7959 8400 8425 8568 8595 8596 8839 8993 8994 9418 9901 10472 10473 10603 10723 10936 10937 11682 11732
Str_150519 3295 3296 3512 4645 5806 7333 7713 8401 9315 9409 10078 10079 10460 10559 10646 10738 10815 10996 10997 11093 11138 11191 11210 11211 11503 11679 11866 12011 12123 12269 12319 12320 12370 12386 12387 12761
Str_150520 11648
Str_150522 4511 5020 5214 8233 8441 8442 9043
Str_150523 3705 4049 4050 4703 4704 6417 12495 12646 12721 12722 12802 13043 13186 13188 13194 13252 13475 13476 13542 13628 13629 13642 13643 13671 13672 13693 13744
Str_150524 1519 2382 4646 4647 11563 11587 11697 11880 11882 11982 12150 12167 12168 12202 12285 12398 12471 12496 12497 12560 12561 12590 12642 12656 12657 12676 12801 12814 12859 12888 12917 12978 12979 13036 13037 13104 13105 13125 13129 13130 13162 13220 13224 13265 13283 13286 13307 13380 13443 13452 13658 13667 13705 13706 13786 13974 14214 14708 14709 14714 14726 14771
Str_150672 12573 12891
Str_150673 8896 9679 10818 12093 12441 12531 13135 13259
Str_150674 1799 1908 1922 2204 3349 3506 3507 3610 3611 4072 4073 4286 4351 5082 5486 5564 6699 7295 7517 7730 7825 7994 7995 8829 9060 9124 9334 9462 9860 9941 9942 10608 11395 11723 14785
Str_150675 10831 14592 14593 14594
Str_150676 13 281 2345 4177 5883 5884 6271 6424 6712 6713 7178 7179 7246 7335 7537 9214 9215 9317 9390 9391 9608 9655 10159 10160 10258 10619 10633 10634 10666 11742 11757 11758 12058 12059
Str_150677 1200 1602 1616 1868 6569 6570 7490 10145 12221
Str_150678 1256
Str_150679 346 1023 3369 4000 5792 6025 7116 8686 8687 9460
Str_150680 294 954 2440 6466 7088 10924
Str_150681 606 955 1064 1075 1139 1262 1655 1658 1737 1997 2519 2654 3006 3221 4138 4850 5322 5607 5982 5988 5989 6243 6244 6630 6698 6702 6703 7037 7611 8694 8695 8842 8955 9044 9170 9342 10232 10270 10696 10734 10806 11495 11496
Str_150682 205 371 774 1833 2447 9341
Str_150683 2108 2741 4627 4628 5305 5961 7036 7831 8800 8801 9945 10383 11254 11415 12053
Str_150684 168
Str_150686 101 3960 6943 10277 11019 11269
Str_150687 1081 2021 2282 2889 3007 3114 4383 4500 5897 5898
Str_150688 2300 4591 13668 13675 13766 13771 13796 13801 13812 13875 13929 13979 13980 14004 14005 14054 14055 14084 14085 14116 14141 14142 14173 14209 14210 14231 14247 14248 14273 14288 14311 14312
Str_150689 5258 13659 13928 14595 14612
Str_150690 2268 2438 3475 4754 4755 12468 12886 12922 13031 13048 13049 13456 13496 13510 13840 13925 13930 13940 13942 14012 14013 14232 14287 14446 14786
Str_150691 2189 2190 13772 13926 13927 13941 14017 14098 14115 14172
Str_150856 2257 10897 11549 11674 11730 12315 12339 12674 12991
Str_150857 8328 9473 9474 10637 11071 12246 12376 12556 13084 13131
Str_150858 0 3675 3844 3845 4301 4471 4472 4475 4476 5128 5129 6905 7034 7911 7981 9209 9260 9705 9760 10126 10127 10521 10522 10692 10846 10847 11198 11199 11613 11722 12040 12041
Str_150859 196 310 554 567 568 689 821 2727 2728 2903 2904 3797 4536 4873 4895 5563 6055 6419 6460 6461 6842 7040 7041 7093 7188 7223 7224 7245 7552 7553 7667 7668 7756 8122 8471 8515 8516 9625 10216 10235 11743 12617 14738
Str_150860 9305
Str_150861 613 1568 3020 3039 7487 7491 7518 7757 8240 8674 8752 8802 9158 9452 10020 10021 10144 10346 11710 11711
Str_150862 372 434 1236 1733 2333 2334 2564 4996 4997 5227 5839 7123 7124 7286 11120 11121 11751 11752
Str_150863 941 942 2156 3932 3933 5181 13119 14737
Str_150864 3494 6918
Str_150865 418 640 652 735 2075 2580 2581 2958 4872 5072 5492 5493 7652 7653 8103 8104 9771 9966 11535
Str_150866 3974
Str_150867 77 88 235 396 2317 2630 3012 3089 3965 4094 4095 4593 4778 4948 5210 5211 5215 5444 5464 5483 5484 5938 6067 6309 6332 6791 6792 6837 6838 7199 7498 8218 8599 8877 9448 9651 10458 10961 14730
Str_150868 3405 6541
Str_150869 3331 8724 8725
Str_150870 87
Str_150871 9024
Str_150875 33 12391
Str_150876 697 810 1140 2635 4666 5359 6749 7530 7970 8120 8297
Str_150877 256
Str_150878 3293 3294 13616 13637 13691 13692 13848 13849 13946 13947 13977 14015 14016 14041 14042 14076 14077 14081 14099 14117 14118 14128 14139 14146 14161 14162 14208 14219 14220 14249 14250 14282 14283 14318 14319 14436 14437
Str_150879 13303 13371 13478 13617 13760 13883 13932 13938 13963
Str_150880 12783 12843 12882 13120 13121 13400 13484 13568
Str_150881 13600 13739
Str_151052 339 2380 5634 7670 7758 10203 10314 10546 10547 10907 11553
Str_151053 3956 7249 8396 8717 8718
Str_151054 18 490 491 542 1169 2713 3024 3029 3609 4601 7250 8287 8940 8942
Str_151055 1948
Str_151056 1115
Str_151057 2017 3683 3879 4604 4668 4806 5713 6088 7532 8149 9203 9216 9217 9720 9737 10990 11059 11406 11531 11921 12996 13364
Str_151058 7485 10568
Str_151059 967 2225 2823 3286 3776 4184 4414 4451 4929 5271 5294 5829 6335 6398 6435 6689 7310 7735 7848 8335 8336 8347 8348 9148 9984 10217 10596 10952 13830 13988 14008
Str_151060 532 1088 2814 3392 3563 4233 8305
Str_151061 2745 10632
Str_151062 1122 1238 1444 2504 2839 3393 4234 4610 4612 4908 5164 5189 5665 6679 7570 7571 7736 8056 8057 8290 8549 8550 8570 9053 9511 10395 10410 10602 12065 12545 14721
Str_151063 324 1601 3301 3358 4907 10295 11807
Str_151064 3138
Str_151065 1932 3264 3265 3744 3745 3772 3773 4489 4670 5418 5419 6462 8390 8462 8463 8834 10093 10361
Str_151066 419 751 857 1013 1413 1639 1861 3167 3168 3201 4181 4319 4320 4585 5005 5160 5562 6001 6357 6622 6623 6806 6807 6810 7001 7002 7345 7647 7648 8650 9541 9648 9649 9854 9938 10717 10912 10913 11599 11600 14759 14765
Str_151067 457 1241 2100 2101 4007 5029 5590 5591 6007 6447 14719
Str_151068 1780 3713 5428 6063 6661 6662 8475
Str_151069 2453
Str_151071 26 406 802 864 931 1225 1249 1513 1532 2160 2279 2280 2486 2625 2697 2698 3035 3370 3621 3821 4059 4538 4710 4719 4743 4828 5057 5091 5092 5341 5875 6283 6818 7183 7184 7387 7388 7717 7719 7919 7920 8059 8160 8351 8352 8510 8511 8554 8899 9019 9074 9383 9384 9564 9840 9858 10089 10407 10500 10501 10516 10677 10803 10804 10890 10891 10929 10930 11115 11126 11257 11258 11380 11381 11825 12307 12308 13055 13521 13681
Str_151075 408 1470
Str_151076 13917 13934 14048 14212 14363
Str_151077 3631 11337 11547 11596 11649 11671 11996 12029 12232 12255 12256 12313 12352 12401 12498 12597 12598 12717 12756 12777 12784 12836 12881 13057 13294
Str_151078 6437 6438 8360 8361 9297 13149 13150 13182 13184 13295 13361 13390 13429 13430 13652 13678 13679 13686 13725 13738 13754 13809 13909 13991 14049 14067 14079 14235 14736 14742
Str_151289 2381 3334 3335 4983 5347 6826 6885 6886 7074 9932 10104 10315 10393 10642 11470 11471
Str_151290 1969 5777 6422 6561
Str_151291 4278 5844 7527
Str_151292 3926 4453 5266 7764 7765 8824 9789
Str_151293 190 8333
Str_151294 764 1230 2232 3508 5626 6132 7343 9491 9492 10099
Str_151295 2389 4891 4892 6423 6895 6979 8150 8527 8697 10192 10249 10250 10317 10318
Str_151296 7404
Str_151297 400 2616 7664 8948 9347 9765 9835 9836 10067 10689 11299 11300 14568 14573
Str_151299 3517 8043 11201 12482
Str_151300 2696 6856
Str_151301 830 1042 1445 1483 1540 1541 1618 1872 1873 2762 3403 3953 4998 4999 5190 5191 5393 5394 5891 5939 6276 6395 6396 6757 6872 6873 8061 8296 8298 8481 8977 8984 8985 9026 9027 10136 10137 10354 10355 10571 10868 10869
Str_151302 8933
Str_151303 90 631 6222 10821
Str_151304 1127 1187 1192 1330 1464 1466 1645 1714 2171 2970 3612 4207 4385 4573 4596 5701 7377 7946 8215 8299 9796 9797 10165
Str_151305 3011 7304 7850 8283 8284 9918
Str_151306 2250 3597 8271 8272
Str_151307 1123 1267 1303 1341 2449 4036 4037 4677 4750 4751 5156 5224 5373 5374 5570 6524 8291
Str_151308 2974 3999 4350 4546
Str_151309 852 3418 3534 4275 4559 5073 5074 5239 5253 5476 6339 6504 6505 6922 7142 7143 7228 8651 8787 9406 10452 10453 10776 10777 10894 11094 11095
Str_151310 27 63 300 315 393 417 905 1176 1226 1334 1449 1753 2322 2740 2750 3241 3297 3298 3759 3760 3968 3969 4025 4621 4729 4764 4862 4863 5153 5157 5361 5369 5404 5413 5753 5754 5917 6900 7055 7207 7226 7297 7298 7533 7768 7769 7823 7824 7834 7835 7928 8162 8253 8254 8322 8323 8444 8679 8704 8763 8764 8954 8958 8968 9075 9159 9402 9403 9427 9432 9433 9505 9506 9755 9859 10704 10705 10827 10892 10893 11200 11428 11429 11774 11775 12079 12080 13862
Str_151311 5240
Str_151313 2026
Str_151315 159 1738 4003 4458 5173 5174 5237 5684 6226 6255 6256 6874 7056 7351 8705 10548 10549 11189 11537
Str_151316 2792 2793 3104 3105 3106 3107 3630 4028 9504 12503 12600 12607 12948 12964 13107 13108 13343 13360 13362 13391 13392 13427 13463 13479 13500 13518 13551 13588 13589 13605 13687 13707 13719 13759 13774 13802 13866 13867 13874 13943 13957 13959 14002 14003 14039 14094 14119 14125 14126 14143 14144 14170 14171 14229 14230 14255 14270 14271
Str_151317 12382 12385 12599 12614 12775 12896 12960 13244 13245 13428 13464 13566 13567 13618 13711 13769 13828 14043 14107 14120 14204
Str_151501 247 2192 2562 2563 3316 3579 3716 5348 5766 6268 7430 8206 8496 9142 9353 9447 9937 10377 10378 14637 14780
Str_151502 240 621 1472 1597 1856 2959 3717 5169 5170 6708 7984 8004 9780
Str_151503 375 394 401 402 4136 6441 6565 6719 6721 7238 7305 7325 7326 7471 7752 8025 8028 8186 9191 9595 9750 10189 10219 10330 10331 10388 10389 10555 10836 11131 11132 11297 11298 11639 11640 11943 14269 14547
Str_151504 1 2485 3291 4603 4875 6705 6990 13316 14787
Str_151505 1785 2927 4363 4373 4831 5390 5927 8446 8551 8732 8733 8779 8780 10037
Str_151506 10118 10119 10528 10879 10901 10944 11800
Str_151507 9299 9435 11793
Str_151508 3564 6383 7794 7795
Str_151509 395 429 4632 5117 6199 6322 6323 7477 8746 8747 10701 10981 10982
Str_151510 290 750 894 1250 1304 1482 2362 2542 2872 3912 3950 4002 4523 4767 4768 5077 5078 5184 5185 5186 5319 5364 5408 5532 5615 6834 7095 7096 7243 7244 7376 7949 7950 8042 8430 8594 8885 8886 9055 9443 10323 10324 10629 11315
Str_151511 716 1217 1778 8175
Str_151512 100 174 288 630 899 1051 1052 1528 1529 1939 1970 1971 2296 2582 2680 2871 2975 3730 3731 3882 3914 4995 5122 5877 6247 6657 6677 7642 8392 8903 9210 9327 10462
Str_151514 1643 2099 2781 3060 3061 3240 3255 3256 4765 5368 6236 7135 7352 7400 7401 7806 8378 8558 9064 9065 9121 9122 9593 9594 10205 10206 10340 10476 10477 11170 11171 11319 11320 11486 11739 11759 11786
Str_151515 1195 6981
Str_151516 7525
Str_151517 41 64 1401 1425 1559 1777 1995 2248 2278 2604 2605 2977 3284 4046 4051 4052 4140 4141 4783 4784 4876 4877 5058 5218 5281 5670 6204 6602 7154 7182 7196 7275 7888 8037 8038 8379 8869 8870 9366 9367 9605 9957 9958 10042 10058 10059 10110 10245 10246 10344 10369 10370 10513 10724 10782 10783 10832 10833 11169 11287 11402 11485 11542 11702 11738 11785 11968 11969 12180 12181 12233 12304 12353
Str_151518 3014 4672 5494 5796
Str_151519 1344 1599 2249 2493 6601 6939 7524 8703 8911 9194 9412 10041 10133 10494 11139 11161 11168 11288 11461 11462 11546 11701 12117 12300 12381 12384 12469 12470 12512 12637 12757 12778 12840 12949 13077 13178 13276 13480 13501 13829 13958 14199
Str_151520 7197
Str_151689 3831 3832 4193 4194 5752 6378 6487 8714 8864 8865 9085 9352 9703 10234
Str_151691 1346 1378 1595 2858 3877 4179 7814 8562 8944 10024
Str_151692 10 74 126 480 488 534 1381 2558 2695 3309 3310 6017 6018 6195 6196 7379 8371 8372 8796 8797 8936 10154 13952 14686
Str_151693 849 966 1093 1245 1594 2857 7071 7138 7423 8656 9617 9915 9916 10166 10188 13009 13113
Str_151694 703 1073 2501 3195 4031 4633 4679 4747 5640 7633 9073 9631
Str_151695 157 933 999 1072 1233 1253 1716 1754 1815 1877 1888 2512 2544 2545 2552 3103 3202 3224 4745 4885 5034 5097 5112 5113 5702 5964 5965 7059 7916 7925 8357 8655 8758 8863 8876 9357 9630 10068 10069 10438 10743 10744 10771 10841 10842 10858 10859
Str_151696 24
Str_151697 3855 3909 6520 6521 6650 6849 9666 10297 10665 10711 11086 11274 11404 11405 11791 12074
Str_151698 5889 8580
Str_151699 717 1279 1913 1914 5409
Str_151701 2690 5405 5406 6934 7316 7441 9555 9804 10271 10272
Str_151702 683 1624 8022
Str_151703 161 267 422 739 1189 1451 1504 1575 1730 1739 1740 1803 2227 2228 2755 3072 5106 5616 6190 6191 6231 6232 6845 7151 7421 7966 7967 8021 8533 8949 8950 9179 9252 9407 9453 9454 9581 9602 10134 10572 10573 10830 10881 10974 10975 10983 11072 11073 11475
Str_151704 245 4448 7236 7683 7684 7847 8843 10229 10799 10800 11255 11345 11365 11410 11479 11516 11517 12103 12357
Str_151705 570 816 2229 3064 3173 5688 7136 7158 7159 7805 7874 7875 7978 8105 8557 8615 8906 9455 9456 9585 9586 9601 9629 9995 9996 10109 10184 10185 10228 10419 10420 10467 10963 10964 11067 11140 11141 11346 11366 11409 11480 11841 11842 11928 11929 12272 12356 12567 12568 14767 14770
Str_151706 4226 5423
Str_151707 724 951 2428 7691 7692
Str_151708 2402 4478 7340
Str_151709 625 953 1068 2098 3502 3503 7140 8913 9165 9897 9898 10643 11384
Str_151710 8419
Str_151711 4131 4419 6902 7139 7445 11541
Str_151712 9430
Str_151902 898 3066 4437 4442 5138 6649 7672 7902 10481 10482 13673 13878
Str_151903 2650 2651 3896 4048 4525
Str_151904 924 4848 6526
Str_151905 2384 3085 4676 12174
Str_151906 2671 2882 3455 4126 4127 5205 5895 5896 6005 6136 6374 6411 9153 9612 9614 10474 10475 10798
Str_151907 2692 3108 4858 4906 8989 9739 10357
Str_151908 530 706 989 1005 1010 1079 1360 2527 2813 3733 3842 5385 5386 5783 6470 6471 7378 7676 8007 8032 8334 8432 8433 9615
Str_151909 19 46 390 497 523 563 571 867 1102 1580 1625 1984 2087 2460 2506 2507 2626 2780 2909 2976 3115 3311 3694 3904 4076 4101 4154 4306 4307 4362 4384 4514 4826 4919 4920 5372 5439 5571 6098 6535 6957 7418 7698 7829 7830 7979 7980 8113 8158 8202 8422 8759 8760 8805 8806 8862 9012 9343 9344 9358 9948 9949 9987 9988 10308 10321 10322 10375 10376 10396 10437 11304
Str_151910 134 741 2032 2180 3543 3720 3903 3948 4336 4882 6104 6440 6629 7302 7883 7884 8836 9479 9480 9620 9621 9961 11668 11669 11744 11745 13779 14216
Str_151911 7644
Str_151913 116 246 334 1729 2807 5997 6804 7562 8123 8604 8881 8897 9160 9711 9828 9853 9986 10034 11195 11242 11498 11570 12148
Str_151914 10091
Str_151915 5799
Str_151916 934 1289 1297 1876 2310 2358 2359 2828 2998 2999 3189 3190 3550 3551 3601 3602 4898 4899 5247 5248 5755 6116 6746 6747 6843 6844 7176 7266 7267 7674 8591 8592 8882 9110 9111 9130 9178 9388 9389 9485 9610 9611 9657 9658 9697 9781 9782 9985 10135 10180 10181 10194 10519 10520 10902 10903 11124 11125 11194 11227 11228 11243 11248 11249 11427 11468 11469 11712 11999 12000
Str_151917 3816 10914
Str_151918 676 4188 5654 6285 10123
Str_151919 3817 7177 7987
Str_151920 385 694 807 5506 5695 7657 8100 8101 8106 8907 9235 10468 11066
Str_151921 952
Str_151922 272 1165 2076 2272 3748 4354 5221 5222 5667 6041 6140 6141 6482 6483 6750 6827 6828 6983 7721 7891 8701 9134 9164 9405 9587 9588 9902 9903 10062 10087 10088 10148 10433 10434 10698 10699 11033 11034 11455 11456 11633 11634 11911 14496 14532
Str_151925 6751 7205 7722 9324 10074 10075 11049 11356 11398 11924 11925
Str_152133 1978 2502 3931 4600 5379 7332 7374 7375 7480 7481 8658 14641 14693
Str_152134 1312
Str_152135 638 2532 6991 6992
Str_152136 3074 5565 5566 7027 7028 9302
Str_152137 2992 3474 6058 6588 7682 8013 10424
Str_152138 1040 2597 2598 3318 3947 4080 5023 5298 5299 5460 5461 5531 7214 7215 7975 8405 11681 14679 14728 14741 14748
Str_152139 3099 7654
Str_152140 612 1097 1109 2576 3172 5647 5648 5757 5771 6158 6159 6926 7935 7936 8537 10052 10053 10764 10765 11004
Str_152141 5443
Str_152143 49 62 131 212 308 381 382 868 1527 1536 1544 1566 1615 1918 2213 2214 2350 2351 2458 2844 2917 3143 3235 3487 3488 3708 3802 4120 4251 4252 5440 5955 5956 5973 6162 6164 6252 6587 6633 6690 6691 7047 7048 7455 7456 7535 7865 7866 7999 8080 8081 8102 8181 9034 9035 9632 9813 9814 9977 9978 10150 10624 11036 11889 12006 12007 14715 14732
Str_152144 1134 2116 2451 2571 2852 3789 3790 4637 5216 5488 5580 5612 5786 6286 7608 7727 7728 7818 7990 8246 8312 8381 10721 10790 10791 11007 11276 11341 11713 12037 12120 12149 12203 12210 12309 12340 12515 12606 12621 12625 12686 12692 12725 12726 12768 12769 12781 12785 12798 12805 12806 13024 13025 13067 13254 14452
Str_152145 252 1182 1421 1493 1550 3187 4752 4753 4933 4934 5278 5674 5675 6449 6716 6880 6881 7085 7086 8196 9379 9584 9599 10266 10281 10504 10709
Str_152146 6700 8380 9486 9688 9792 9852 10006 10905 10969 11098 11150 11293 11294 11301 11464 11465 11571 11734 11899 11963 12125 12126 12134 12135 12143 12144 12209 12685
Str_152148 636 1223 1224 1477 1819 2242 3627 3727 4106 4189 4288 4334 4638 5536 5655 6954 6955 7592 7593 7869 7905 7988 8244 8245 8300 8377 8490 8491 8553 8777 9377 9378 9598 9742 9743 9885 9886 10122 10282 10316 10456 10457 10585 10586 10678 10679 10708 11012 11013 11022 11023 11187 11188 11193 11349 11400 11401 11458 11524 11525 11539 11540 11643 11644 11769 11770 11988 14272 14647 14651
Str_152149 191 2275 3718 3719 3722 5947 6312 6313 6723 6915 7166 7547 7709 7892 7893 8213 9133 9229 9269 9834 9990 10149 10178 10179 10670 11282 11910
Str_152150 1026 2996 4014 5535 5613 5614 6820 6840 7165 7380 7381 7548 7889 9574 10083 10084 10741 10742 11196 11197
Str_152152 663 1728 2013 6040 6572 7937
Str_152154 259 1603 2109 2376 4480 7204 7476 8702 9226 9266 9904 10486 10487 14766
Str_152371 762 3174 3243 4277 4325 4459 4460 5391 5392 5801 5802 7144 7473 7710 7711 8506 8573 8761 9496 10347
Str_152372 758 2104 3244 3267 3289 3290 3651 4143 5104 5105 6887 7211 7474 7741 7960 8147 8635 9676 9883 9884 10019 10588 11387 11777 11778
Str_152373 1364 1771 4562 7783 7784
Str_152374 1153 4965
Str_152375 231 320 829 997 1131 1150 1462 1478 1676 1763 2295 2928 3377 3538 3554 4150 4151 4166 4216 4461 4769 4790 5264 5265 6925 6973 7167 7278 7323 7338 7339 7543 7801 7802 8476 8477 8781 8782 8981 9510 9550 9772 9773 9950 9951 10384 10498 10499 10613 10681 10682 10813 10814 11544 11545 11753 11754 11949
Str_152376 373 440 723 2332 5100 5465 6742 7329 7330 8319 8803 8807 8851 9015 9059
Str_152377 828 1105 1209 2929 4018 4812 4827 7324 7372 7677 7839 7964 7965 8605 8606 9509 9798 9799 9824 9825 10379 10380
Str_152378 1065 1748
Str_152379 59 163 509 653 855 1503 2071 2374 2880 2881 5196 5197 5198 5223 5226 5302 7431 9340 9800 10752 10753
Str_152380 160 195 1535 1831 1986 2422 2874 3851 4845 4846 4958 5728 6137 6497 7141 7572 7588 7939 8373 8460 8685 8690 8898 9275 9398 9399 9450 9927 9928 10007 10191 10285 10286 10397 10398 10418 10530 10531 10661 10662 10968 11350 11351 11437 11706 11707 12027 12028 12038 12310 12494 12513 12514 12585 12586 12693 13068
Str_152381 262 379 535 545 881 922 975 1514 1865 1983 3192 3193 3696 3697 3995 4532 4533 5042 6485 6652 6701 7052 7053 7106 7107 7175 7450 7482 7483 7938 8234 8235 8461 8525 8772 9013 9014 9687 9698 9793 10422 11008 11097 11151 11302 11438 11962 12013
Str_152382 921 4326 4327
Str_152383 2 130 539 731 903 904 1048 1049 1342 1515 1560 1583 1904 2043 2185 2305 3238 3239 3268 4162 4411 4613 4614 5041 5171 5172 5257 5804 6376 6377 6533 7076 8771 8814 8815 8846 8904 8957 10404 10405 10654 10655 10834 10835 11412 11980 12238 12239
Str_152384 7605
Str_152385 404 529 2673 4067 6163 6784 6785 7029 7451 7452 7575 7576 7606 7720 8841 9079 10023
Str_152386 5831 6594 6759 6797
Str_152388 5609
Str_152389 7030
Str_152392 833 2143 4469 4944 5285 5847 6369 7062 8447 9400 10301 10561 11142 11459 11580 11581
Str_152623 242 1232 3699 4089 4090 6118 6119 6156 6157 8033
Str_152624 4945 5352 7385 7386
Str_152625 505 599 687 746 767 902 1430 1756 2336 2568 2643 2867 3009 4432 4648 4649 5070 5071 5324 5332 6871 7279 7917 7918 8192 8193 8225 8226 8500 9373 9374 9933 9934 10862 10863
Str_152626 3078 4956 4957 6865
Str_152627 3148 8208 8808 9091 10029
Str_152628 827 1506 6477 7373 7678 7832 8083 8485 9198 11449
Str_152629 651 836 939 1460 1765 4343 5194 5220 6725 7290 7362 7639 7640 8891 8892 9008 10287 10649 10757 13193 13680 14749 14755
Str_152630 661 672 685 1009 1145 1855 4577 4991 5819 6131 6367 6433 6604 6609 6620 6621 7447 7448 7636 7855 7856 8581 9039 9040 9244 9245 9276 9310 9311 9748 9749 10367 10368 10417 10550 10551 10556 10557 10837 10838 11273 12001
Str_152631 2423 6227 9200 9674 10857
Str_152632 973 1260 2010 2219 2488 2979 3084 3709 4571
Str_152633 5307 8909
Str_152634 1343 1719 1905 2757 2847 3362 3363 3381 3913 5002 6170 6171 6215 6216 6534 7009 7201 7394 9045 9183 10263 10772 10970 14710 14717
Str_152635 363 2760 3230 3399 3400 3546 3547 3792 3836 4239 4721 4760 4893 5704 6145 7157 7634 7635 8089 8176 8281 8282 8730 9001 9002 9307 9364 9365 9392 9393 9516 9888 10261 10262 10589 10590 10729 10730 11608
Str_152637 2809 5707
Str_152638 832 851 947 4509 5723 5733 5734 8916 8917 9247 9401 9913 9914 10072 10073 10775 11111 14733 14734
Str_152868 499 2131 3278 3337 3520 5049 5050 8872
Str_152870 1967 2069 2467 2468 2777 3441 3923 5124 5567 5568 7415 8090 9007 9242 9243 9622 10644
Str_152871 29 675 1709 4425 5606 7049
Str_152872 258 438 772 981 1608 1610 1611 2164 2165 2864 3008 3522 3592 5203 5331 6688 7293 7294 7414 7955 8812 8887 8888 9981 9982 10778 10779 11246 11247
Str_152873 3421 6388 8166 8256 9842 10264 10335
Str_152874 2044 2320 2936 4980 5657 5663 5664 5692 7068 7256 7257 7263 7598 7599 7836 8262 8586 9670 9671 10326 10327 10366 13351
Str_152875 223 279 280 337 507 517 1125 1864 2003 2093 3081 3438 3439 3477 3822 3823 4727 4728 4804 5520 6107 6108 6297 6493 6574 6692 6970 7133 7134 7449 7505 7506 7542 7793 7926 8064 8065 8167 8411 8498 8499 9137 9639 9640 9768 9843 9844 9845 10142 10143 10182 11029 11030 11203 11594 11595 11653 11726 11727 12550
Str_152876 220 994 1670 2218 2259 2329 2510 2779 3434 3435 3891 3997 4118 4293 4323 4504 5111 5913 5949 5950 6123 6761 6971 6972 7005 7164 7319 7320 7465 7466 8014 8495 8845 9228 9488 9597 9880 9939 9940 10057 10060 10061 10076 10077 10157 10226 10766 10931 10932 11060 11061 11165 11283 11284 11354 11355 11392
Str_152877 121 470 1287 2514 2515 3217 4265 4292 4406 4407 4479 4686 5135 6070 6071 6365 6409 6481 6864 7032 7369 7520 8494 8727 9291 9881 9892 10577 10755 10756 10767 10994 11265 11391 11931
Str_152878 2489 3702
Str_152879 333 1972 3524 4811 5022 5030 5031 6120 6181 6952 7017 7392 7393 7613 7885 7886 8964 9879 9979 10239 10240 10510 10745 10938 10939 11591 11630 11747 11748 11945
Str_152880 4889 4890
Str_152881 2263
Str_152883 3929 8821 8967 9033 9313 9314 10259 10260 10648 11146 11147 11432 11450 11610 11907 13279
Str_152884 585 842 2915 3151 3152 4342 5089 5643 6953 7255 8135 8136 9568 9569 10016 10017 10204 12327
Str_152886 70 109 587 8966 9654
Str_153111 1498 2657 3850 8723
Str_153112 10011
Str_153113 1374 2312 2337 2338 2966 2967 3412 3959 4917 4918 5045 5437 5627 6277 6278 6809 7105 7212 8076 8956 9280 9361 9482 9487 9530 10293 10294 10706 10978 10979 11359 11451 11452 11631 11632 12191
Str_153114 2473 4134 8757 9767
Str_153115 887 2831 3433 3467 4261 5582 7317 7617 7778 11234
Str_153116 888 1752 2299 2801 2802 3147 3462 5076 7272 7273 8070 9483
Str_153117 5659
Str_153118 1163 1898 3650 7073 7807 7808 8203 8443 9248 9527 9756 9851 10421 11044
Str_153119 1365 2146 2868 3136 3994 4117 4178 5593 6775 6776 6813 6814 6854 7209 8548 10329 10332 10447 10448 11277 11278 11335 11336 11789
Str_153120 579 1720 7930 8132
Str_153122 2585 2607 2608 4030 4572 4923 4972 6299 6863 7033 9652 9653 9682 9714 9728 9758 9759 10576 11078 11238 11771 11816 11849 13314 14444 14469 14477 14495
Str_153123 4691 5047 6675 6801 6853 9537 10158 10328 10333 10358 11487 11683 11684
Str_153124 164 165 617 1172 1282 1695 1725 3707 3952 4302 4687 4794 5554 5681 5905 5906 7594 7595 8035 8963 9326 9878 10167 10320 10470 10509 11488 11830 13133
Str_153125 31 128 143 448 1324 3361 5592 5691 5789 5790 7043 7079 7080 8820 8924 9009 10325 10480 11378 11435 11607 11618 11693 11897 11946 11947 11953 11954 12002 12003 12289 12491 12492 14681 14724
Str_153126 1911 6034 6932 6941 7600 7601 7810 8354 8355 8918 8919
Str_153128 6033
Str_153129 1912
Str_153131 2684 2685 3086 6394 7947 8310 8791 9395 9421 9422 9952 10032 10120 10121 10207 11054 11055 11436 11521 11617 11765
Str_153356 243 1679 8748
Str_153357 326 588 926 1206 1320 2018 2357 2411 2433 2652 4367 5268 5269 5330 5909 6094 7569 8399 8926 8927 9330 9331
Str_153358 502 985 1690 1884 2479 3219 3572 3653 4168 5618 6021 6022 6301 6302 6324 6429 7160 7568 7578 7579 7597 8406 9115 9543 9544 9769
Str_153359 182 197 209 255 331 841 1002 1201 1321 1380 1614 1731 1795 1796 1843 2154 2155 2222 2327 2505 2588 2589 2721 2821 3179 3308 3684 3944 4429 4430 4543 5093 5094 5504 5645 5646 5706 5935 5936 6445 6446 6539 6551 6615 6777 6778 6781 6808 7011 7515 7516 7799 7953 7954 8047 8220 8675 8676 8680 9117 9118 9277 9512 9513 9646 9723 10511 10512 10621 10898 10899 10933 11009 11010 11305 11306 12636 13450 14707
Str_153360 1336 1337 1632 1747 2941 3397 3398 3567 3841 4842 5108 5178 5658 6947 7798 7904 8681 8769 8920 9218 9468 9818 9953 9954 9962 10565 10566 10607 10672 10747 11348 11370 11423 11424 11439 11522 11523 11645 11725 12021 12022 12220 14782
Str_153361 3515 10748 11347 11973 12049 12681
Str_153362 273 314 472 1221 2042 2364 2394 2688 3164 4512 4928 8770 9826 11005 11084
Str_153364 5400 7355 7649 7914 7915 9633 9730 10583 10584 10870 10871 10985 11922 12291
Str_153365 580 1965 2725 3886 3921 3922 4237 4851 4852 5312 5313 5793 5794 5859 6315 6583 7354 8279 8280 8677 8678 9578 9634 9827 9865 9869 9911 9912 10283 10653 10946 10984 11006 11088 11231 11472 11992 12442 12443 12862
Str_153366 912 1406 1631 1758 2570 4236 5886 5887 6510 6938 7501 7502 9005 9241 9635 9731 10128 10129 10147 10284 10382 10436 10685 10686 11091 11107 11108 11156 11157 11159 11160 11225 11454 11551 11795 11937 11990 11991 12014 12026 12045 12068 12069 12186 12187 12416 12417 12730 12731
Str_153367 1759 2676 2953
Str_153370 179 616 696 1094 1095 1323 1526 1620 1659 2173 2441 2442 2667 3270 4330 4493 4788 4789 5522 5622 5963 6537 6538 7436 7437 7550 7631 7996 8607 8692 8693 9150 9249 9707 9805 9806 10238 10339 10507 10533 11020 11021 11407 11482 11761 11762 11961 11977 12043 12113 12172 12236 12283 12377 12405 12452 12453 12758 12759 12799 13028
Str_153372 800 7956
Str_153373 485 2212 4197 4198 4238 5505 5621 6035 7156 7589 7590 8874 9293 9385 9668 9669 9970 10443 10444 10506 11491 11810 12017 12044 12060 12131 12299 12705
Str_153374 1563 2313 4100 4404 7370 7371 7658 8439 8440 8451 8452 8564 9017 9018 9683 9964 10492 10493 10959 10960 11520
Str_153375 10715
Str_153377 129 343 431 578 1649 2547 4055 4494 5660 6608 7544 10289
Str_153574 1438 1838 2584 3198 4943 5826 6479 7615 7821 8313 9093 14740
Str_153575 1419 1420 2078 2079 2744 2888 2994 3386 4450 4865 5436 8314 8315 8997 9188 9189 9751 9752 10812
Str_153576 4981 9319
Str_153577 1355 5652
Str_153578 589 2138 8345
Str_153579 714 1036 1090 1242 2323 2341 2478 2497 2668 2774 2775 2911 3227 3443 4142 4340 4881 5325 5326 5748 6031 7628 7629 7750 7942 8141 8142 9125 10114
Str_153580 3444
Str_153581 6552 6734 8738 9647 10001 11724
Str_153582 4341
Str_153584 2197 2353 3191 5893 6280 6829 7150 7364 7365 7859 7933 7934 8286 8536 9359 9508 9659 9660 9661 9819 9870 10312 10809 11027 11220 11371
Str_153587 475 3246 3937 4378 4598 6946 7504 7881 10163
Str_153588 2869 2984 2985 3134 3135 9590
Str_153589 5044 5642 11861 11960 11978 11979 12228 12406 12432 12570 12571 12649 12650 12702 12739 12821 12824 12825 12826 12852 12853 12958 12984 13100 13217 13268 13323 13345 13346 13448 13449 13513 13530
Str_153590 1852 2125 3269 9292 9708 11481 11508 12061 12132 12237 12251 12259 12362 12450 12451 12542 12558 12703 12763 12800 12842 12857 12858 12872 12873 12894 13007 13008 13065 13066 13153 13154 13243 13342 13438 13439 13565
Str_153591 11932 12522 12530
Str_153593 974 1900 1916 6553 6579 6645 7521 7957 8574 8855 8856 8893 8894 8965 9076 9372 9386 9423 9471 9472 9787 9788 10552 10553 10610 10626 10658 10986 11011 11122 11123 11323 11434 11507 11573 11626 11837 11885 11886 11888 11940 12018 12033 12114 12475 12476 12543 12632 12633 12811 12812 12831 12832 12906 12907 12941
Str_153594 5972
Str_153818 5561 5863
Str_153820 3721 4982 6718 10256 12409 12529 13014 13089 13116 13117 13138 13139
Str_153821 1653 4274 4837 6095 6096 7666 9582
Str_153822 2187
Str_153823 9258 10098 10592 10922 11493 11561 11562 11720
Str_153824 2121 2122 2496 3943 6030 6764 7336 7843 8567 9067
Str_153825 3863 9533 10097 11045 11578 11874 11981 12196 12660 12665 12666 12913 13122 13266
Str_153826 2662 5208 11651 11995 12729 12954 13080
Str_153829 13553
Str_154038 21 2022 3569 6249 6267 6455
Str_154039 12101 12434 12797 12905 13018 13235 13335
