# 31464
MU10S501 32564881.010 5778430.950 13128 0.000000    1.000  % 66.549 66.600 -0.051 % 1 8286    18.661047    
MU10S505 32564716.820 5778485.910 13130 0.000000    1.000  % 62.532 62.650 -0.118 % 1 5542    23.129560    
MU10S502 32564684.590 5778440.760 13142 0.000000    1.000  % 61.884 61.820 0.064 % 1 14740    29.091499    
MU10S802 32564973.010 5778432.080 13148 0.000000    1.000  % 68.958 68.920 0.038 % 1 3042    27.681938    
MU10S509 32564940.960 5778461.140 13153 0.000000    1.000  % 67.678 67.800 -0.122 % 1 13367    28.260363    
MU10S508 32564931.780 5778442.450 13165 0.000000    1.000  % 67.932 67.400 0.532 % 1 6217    31.796803    
MU10S506 32564817.290 5778465.170 13187 0.000000    1.000  % 64.634 64.860 -0.226 % 1 5861    25.886057    
MU10S507 32564877.560 5778453.360 13270 0.000000    1.000  % 66.352 66.100 0.252 % 1 9871    26.235588    
MU14N503 32565004.460 5778214.910 14348 0.000000    1.000  % 69.644 69.480 0.164 % 1 8234    26.866709    
MU14N504 32564985.340 5778247.470 14352 0.000000    1.000  % 69.557 69.130 0.427 % 1 3798    25.471991    
MU14N519 32564765.900 5778373.360 14357 0.000000    1.000  % 63.658 63.550 0.108 % 1 7597    13.801809    
MU14N529 32564829.590 5778407.960 14358 0.000000    1.000  % 65.497 65.090 0.407 % 1 8738    24.588261    
MU14N514 32564732.570 5778256.030 14361 0.000000    1.000  % 62.525 62.550 -0.025 % 1 2643    17.644388    
MU14N532 32564874.830 5778373.590 14362 0.000000    1.000  % 66.878 66.700 0.178 % 1 9954    20.446495    
MU14N516 32564762.560 5778373.920 14365 0.000000    1.000  % 63.670 63.550 0.120 % 1 6301    11.141257    
MU14N520 32564781.560 5778358.370 14366 0.000000    1.000  % 64.177 63.900 0.277 % 1 6809    21.401175    
MU14N536 32564881.130 5778197.860 14367 0.000000    1.000  % 66.042 65.800 0.242 % 1 6690    32.807056    
MU14N505 32564991.900 5778315.690 14370 0.000000    1.000  % 69.505 69.500 0.005 % 1 1287    26.575773    
MU14N537 32564880.070 5778378.290 14371 0.000000    1.000  % 66.847 66.700 0.147 % 1 3397    23.761696    
MU14N509 32564689.080 5778294.340 14373 0.000000    1.000  % 62.089 61.690 0.399 % 1 8090    28.357317    
MU14N518 32564770.730 5778215.910 14374 0.000000    1.000  % 63.398 63.550 -0.152 % 1 7338    19.844828    
MU14N539 32564915.870 5778320.360 14377 0.000000    1.000  % 67.574 67.200 0.374 % 1 10057    29.550959    
MU14N507 32564683.020 5778375.420 14382 0.000000    1.000  % 61.694 61.750 -0.056 % 1 5909    27.731667    
MU14N528 32564810.160 5778317.000 14386 0.000000    1.000  % 64.758 64.610 0.148 % 1 7257    8.134879    
MU14N530 32564836.010 5778283.200 14391 0.000000    1.000  % 65.252 65.220 0.032 % 1 4122    17.344212    
MU14N526 32564810.540 5778352.360 14396 0.000000    1.000  % 64.863 64.640 0.223 % 1 7317    10.975328    
MU14N521 32564800.290 5778314.310 14400 0.000000    1.000  % 64.489 64.570 -0.081 % 1 5692    11.016024    
MU14N502 32564962.040 5778191.360 14403 0.000000    1.000  % 68.496 68.290 0.206 % 1 12725    28.725985    
MU14N541 32564942.930 5778196.550 14404 0.000000    1.000  % 68.357 68.320 0.037 % 1 11007    25.172253    
MU14N510 32564723.570 5778374.600 14412 0.000000    1.000  % 62.670 62.800 -0.130 % 1 7568    22.274357    
MU14N517 32564763.490 5778415.160 14414 0.000000    1.000  % 63.680 63.650 0.030 % 1 2888    18.411278    
MU14N527 32564811.220 5778389.780 14415 0.000000    1.000  % 64.957 64.920 0.037 % 1 10511    21.672804    
MU14N535 32564882.510 5778259.960 14421 0.000000    1.000  % 66.161 66.110 0.051 % 1 9008    31.582813    
MU14N515 32564734.110 5778293.530 14423 0.000000    1.000  % 62.698 62.660 0.038 % 1 5331    16.290312    
MU14N531 32564873.070 5778263.460 14424 0.000000    1.000  % 66.048 66.110 -0.062 % 1 1460    24.853491    
MU14N533 32564873.940 5778321.190 14425 0.000000    1.000  % 66.456 66.400 0.056 % 1 6970    23.899210    
MU14N508 32564685.130 5778216.760 14434 0.000000    1.000  % 61.460 61.400 0.060 % 1 6887    20.294231    
MU14N523 32564799.050 5778246.200 14438 0.000000    1.000  % 64.140 64.120 0.020 % 1 8083    16.661043    
MU14N525 32564807.720 5778174.370 14439 0.000000    1.000  % 64.393 63.910 0.483 % 1 3172    21.125261    
MU14N540 32564919.370 5778377.600 14440 0.000000    1.000  % 67.896 67.740 0.156 % 1 8677    22.019331    
MU14N522 32564798.410 5778211.040 14442 0.000000    1.000  % 64.086 63.980 0.106 % 1 4017    27.810446    
MU14N512 32564730.940 5778177.810 14445 0.000000    1.000  % 62.325 62.310 0.015 % 1 3947    23.452749    
MU14N542 32564948.790 5778256.770 14458 0.000000    1.000  % 68.543 68.580 -0.037 % 1 4991    15.193651    
MU14N543 32564955.790 5778319.560 14468 0.000000    1.000  % 68.735 68.710 0.025 % 1 11060    19.965261    
MU14N545 32564991.150 5778407.640 14469 0.000000    1.000  % 69.280 68.900 0.380 % 1 12068    22.501820    
MU14S503 32564634.280 5777931.350 14475 0.000000    1.000  % 59.502 59.530 -0.028 % 1 11674    37.577812    
MU14S506 32564681.370 5777984.510 14478 0.000000    1.000  % 60.481 60.390 0.091 % 1 6192    15.520177    
MU14N544 32564960.850 5778376.970 14480 0.000000    1.000  % 68.891 68.900 -0.009 % 1 12442    20.849043    
MU14S505 32564680.440 5778061.860 14486 0.000000    1.000  % 61.201 60.920 0.281 % 1 240    14.616304    
MU14S501 32565006.720 5778165.240 14497 0.000000    1.000  % 69.788 69.710 0.078 % 1 5278    22.253742    
MU14S504 32564641.080 5777985.290 14498 0.000000    1.000  % 60.131 60.100 0.031 % 1 9070    24.664515    
MU14S525 32564809.600 5777993.250 14500 0.000000    1.000  % 62.664 63.310 -0.646 % 1 10952    15.317154    
MU14S528 32564813.400 5777932.150 14501 0.000000    1.000  % 62.058 62.140 -0.082 % 1 10235    15.913413    
MU14S508 32564729.700 5777942.480 14502 0.000000    1.000  % 60.961 60.580 0.381 % 1 3682    7.499332    
MU14S515 32564728.750 5777970.890 14503 0.000000    1.000  % 60.983 61.050 -0.067 % 1 12996    32.252838    
MU14S518 32564759.530 5777973.430 14504 0.000000    1.000  % 61.782 61.710 0.072 % 1 9720    31.524124    
MU14S544 32564914.870 5778135.820 14505 0.000000    1.000  % 66.631 67.250 -0.619 % 1 2012    20.635042    
MU14S540 32564892.810 5778011.310 14511 0.000000    1.000  % 65.637 65.110 0.527 % 1 10868    15.263134    
MU14S517 32564751.080 5778067.100 14514 0.000000    1.000  % 62.218 62.200 0.018 % 1 8186    23.114777    
MU14S539 32564891.260 5778112.080 14515 0.000000    1.000  % 66.151 66.280 -0.129 % 1 6650    25.675976    
MU14S523 32564806.350 5778122.830 14518 0.000000    1.000  % 63.758 63.720 0.038 % 1 10376    14.777714    
MU14S519 32564780.810 5777994.610 14522 0.000000    1.000  % 62.615 62.680 -0.065 % 1 7404    32.976025    
MU14S521 32564780.050 5778096.530 14523 0.000000    1.000  % 62.952 62.960 -0.008 % 1 9916    18.928354    
MU14S512 32564730.250 5777984.070 14526 0.000000    1.000  % 61.187 61.240 -0.053 % 1 11406    28.206575    
MU14S513 32564730.880 5778139.380 14527 0.000000    1.000  % 62.294 62.180 0.114 % 1 8334    10.764902    
MU14S530 32564837.650 5778058.040 14528 0.000000    1.000  % 64.368 64.130 0.238 % 1 10879    20.590263    
MU14S532 32564855.580 5778039.110 14530 0.000000    1.000  % 64.563 64.490 0.073 % 1 7477    10.753084    
MU14S526 32564816.590 5778033.980 14534 0.000000    1.000  % 63.638 63.350 0.288 % 1 9866    23.476488    
MU14S535 32564859.390 5777978.260 14535 0.000000    1.000  % 64.068 64.470 -0.402 % 1 6679    34.018383    
MU14S557 32564989.400 5778014.180 14536 0.000000    1.000  % 68.262 68.000 0.262 % 1 11095    18.825527    
MU14S560 32564994.330 5778035.920 14537 0.000000    1.000  % 68.136 68.270 -0.134 % 1 7642    10.218828    
MU14S536 32564862.580 5778041.920 14539 0.000000    1.000  % 64.835 64.560 0.275 % 1 395    12.481503    
MU14S547 32564937.610 5778056.660 14540 0.000000    1.000  % 67.084 67.110 -0.026 % 1 10323    21.549185    
MU14S509 32564729.070 5778069.540 14541 0.000000    1.000  % 61.996 61.730 0.266 % 1 10836    29.233334    
MU14S524 32564794.960 5778008.630 14542 0.000000    1.000  % 62.851 62.550 0.301 % 1 9049    27.040043    
MU14S537 32564869.880 5778089.780 14543 0.000000    1.000  % 65.377 65.250 0.127 % 1 11791    20.060961    
MU14S556 32564999.170 5778040.960 14544 0.000000    1.000  % 68.412 68.270 0.142 % 1 6657    8.838218    
MU14S510 32564729.820 5778106.530 14545 0.000000    1.000  % 62.124 62.000 0.124 % 1 6017    15.202824    
MU14S511 32564731.750 5778061.850 14546 0.000000    1.000  % 62.120 61.730 0.390 % 1 11131    31.188236    
MU14S531 32564837.020 5777955.510 14547 0.000000    1.000  % 63.151 63.050 0.101 % 1 10217    31.090406    
MU14S550 32564960.600 5777933.270 14549 0.000000    1.000  % 66.753 66.620 0.133 % 1 11752    31.961754    
MU14S507 32564685.710 5778139.440 14552 0.000000    1.000  % 61.273 61.330 -0.057 % 1 5452    13.406242    
MU14S520 32564795.540 5778062.040 14554 0.000000    1.000  % 63.188 63.290 -0.102 % 1 4831    15.807133    
MU14S522 32564805.600 5778063.410 14555 0.000000    1.000  % 63.588 63.390 0.198 % 1 8732    25.180809    
MU14S558 32564988.890 5777961.700 14556 0.000000    1.000  % 67.732 67.530 0.202 % 1 4319    12.638632    
MU14S553 32564976.220 5778018.060 14558 0.000000    1.000  % 68.008 67.870 0.138 % 1 10776    14.403908    
MU14S551 32564963.780 5777929.770 14560 0.000000    1.000  % 66.765 66.670 0.095 % 1 2334    34.449314    
MU14S542 32564911.250 5778092.400 14565 0.000000    1.000  % 66.233 66.410 -0.177 % 1 2690    22.237782    
MU14S514 32564731.000 5778024.120 14571 0.000000    1.000  % 61.862 61.500 0.362 % 1 8697    41.595787    
MU14S543 32564929.300 5777975.260 14572 0.000000    1.000  % 66.417 66.250 0.167 % 1 2127    9.003056    
MU14S549 32564945.040 5778155.500 14576 0.000000    1.000  % 68.346 68.650 -0.304 % 1 6804    27.535547    
MU14S545 32564931.800 5777961.890 14585 0.000000    1.000  % 66.479 66.330 0.149 % 1 8463    24.444418    
MU15N502 32565123.430 5778247.700 14593 0.000000    1.000  % 73.139 72.910 0.229 % 1 8282    21.723412    
MU14S533 32564844.450 5778161.250 14605 0.000000    1.000  % 64.636 64.790 -0.154 % 1 7644    33.533634    
MU14S548 32564931.610 5777973.700 14606 0.000000    1.000  % 66.457 66.280 0.177 % 1 6462    13.442187    
MU14S546 32564938.740 5778159.930 14608 0.000000    1.000  % 68.217 68.470 -0.253 % 1 12148    29.487930    
MU15N501 32565117.750 5778204.030 14618 0.000000    1.000  % 73.341 72.850 0.491 % 1 7575    43.220409    
MU14S552 32564966.900 5778086.030 14620 0.000000    1.000  % 68.009 67.940 0.069 % 1 8021    34.146172    
MU14S555 32564981.650 5778013.310 14621 0.000000    1.000  % 68.133 68.000 0.133 % 1 6505    14.543737    
MU15N504 32565090.070 5778305.740 14624 0.000000    1.000  % 72.178 72.190 -0.012 % 1 585    35.667309    
MU15N503 32565107.060 5778275.060 14631 0.000000    1.000  % 72.625 72.600 0.025 % 1 3792    17.457722    
MU15N505 32565066.890 5778219.900 14653 0.000000    1.000  % 71.265 71.200 0.065 % 1 5804    19.089621    
MU15N509 32565012.910 5778200.220 14654 0.000000    1.000  % 69.611 69.720 -0.109 % 1 5675    12.616534    
MU15N541 32565046.530 5778350.030 14661 0.000000    1.000  % 70.986 70.850 0.136 % 1 4687    25.756247    
MU15N506 32565053.080 5778243.210 14682 0.000000    1.000  % 71.079 71.000 0.079 % 1 6170    34.162819    
MU15N507 32565038.220 5778268.880 14683 0.000000    1.000  % 71.058 70.680 0.378 % 1 673    14.757112    
MU15N542 32565041.970 5778406.640 14697 0.000000    1.000  % 70.326 70.000 0.326 % 1 12842    25.887014    
MU15N545 32565139.570 5778305.570 14736 0.000000    1.000  % 73.463 73.150 0.313 % 1 11907    20.627205    
MU15N547 32565144.180 5778414.890 14737 0.000000    1.000  % 72.932 72.500 0.432 % 1 6579    25.606657    
MU15N544 32565094.630 5778355.780 14743 0.000000    1.000  % 72.185 72.260 -0.075 % 1 6942    18.962420    
MU15S508 32565102.620 5778086.020 14790 0.000000    1.000  % 71.860 72.110 -0.250 % 1 9898    25.321491    
MU15S502 32565111.690 5778157.860 14793 0.000000    1.000  % 72.817 72.690 0.127 % 1 10698    16.561962    
MU15S504 32565043.590 5778166.860 14795 0.000000    1.000  % 70.535 70.430 0.105 % 1 10708    28.011551    
MU15S507 32565107.500 5778124.680 14796 0.000000    1.000  % 72.544 72.400 0.144 % 1 2639    38.059353    
MU15S503 32565059.770 5778164.610 14815 0.000000    1.000  % 71.047 70.900 0.147 % 1 9742    26.879467    
MU15S505 32565033.340 5778163.050 14816 0.000000    1.000  % 70.169 70.430 -0.261 % 1 11349    30.343531    
MU15S506 32565026.090 5778152.920 14817 0.000000    1.000  % 69.895 69.850 0.045 % 1 3817    28.274206    
MU15S528 32565187.160 5778030.160 14825 0.000000    1.000  % 74.687 74.570 0.117 % 1 13959    17.690346    
MU15S527 32565141.790 5778048.460 14855 0.000000    1.000  % 72.791 73.000 -0.209 % 1 11402    23.808502    
MU15S524 32565040.890 5778087.150 14859 0.000000    1.000  % 70.377 70.030 0.347 % 1 6999    8.018478    
MU15S523 32565032.150 5777973.990 14873 0.000000    1.000  % 68.634 68.670 -0.036 % 1 10804    19.825748    
MU15S525 32565051.580 5778023.100 14882 0.000000    1.000  % 70.052 69.740 0.312 % 1 7297    25.713295    
MU15S520 32565015.940 5777988.650 14893 0.000000    1.000  % 68.665 68.570 0.095 % 1 9938    27.296703    
MU15S526 32565083.630 5778056.530 14895 0.000000    1.000  % 71.153 71.210 -0.057 % 1 3256    19.109390    
WE02N509 32564763.180 5777787.650 19154 0.000000    1.000  % 59.538 60.000 -0.462 % 1 12430    24.248619    
WE02N507 32564735.570 5777815.200 19169 0.000000    1.000  % 59.493 60.000 -0.507 % 1 12718    29.381010    
WE02N508 32564742.440 5777874.300 19182 0.000000    1.000  % 60.060 60.000 0.060 % 1 7295    24.340406    
WE02N533 32564759.400 5777745.170 19195 0.000000    1.000  % 58.596 58.100 0.496 % 1 14114    34.601570    
WE02N520 32564858.890 5777830.690 19198 0.000000    1.000  % 61.794 61.600 0.194 % 1 12822    28.897421    
WE02N513 32564783.300 5777768.220 19199 0.000000    1.000  % 59.289 60.000 -0.711 % 1 13144    32.787025    
WE02N526 32564937.740 5777910.310 19202 0.000000    1.000  % 65.526 64.600 0.926 % 1 6243    26.100782    
WE02N512 32564778.810 5777910.780 19204 0.000000    1.000  % 61.152 61.000 0.152 % 1 11723    24.759077    
WE02N523 32564887.070 5777859.370 19214 0.000000    1.000  % 62.883 63.100 -0.217 % 1 10559    22.732306    
WE02N516 32564810.790 5777795.900 19217 0.000000    1.000  % 60.368 60.000 0.368 % 1 10940    24.623280    
WE02N504 32564696.120 5777909.670 19219 0.000000    1.000  % 60.112 60.000 0.112 % 1 8896    13.312531    
WE02N514 32564796.230 5777820.700 19222 0.000000    1.000  % 60.669 60.000 0.669 % 1 264    28.505453    
WE02N525 32564930.030 5777870.270 19225 0.000000    1.000  % 64.409 64.600 -0.191 % 1 3249    25.744740    
WE02N518 32564832.350 5777857.240 19228 0.000000    1.000  % 61.601 61.000 0.601 % 1 11732    21.615242    
WE02N515 32564785.420 5777903.860 19229 0.000000    1.000  % 61.134 61.000 0.134 % 1 9391    22.362095    
WE02N522 32564888.010 5777912.780 19234 0.000000    1.000  % 63.729 64.000 -0.271 % 1 10145    18.993937    
WE02N519 32564863.450 5777803.760 19239 0.000000    1.000  % 61.836 61.600 0.236 % 1 13903    23.707254    
WE02N524 32564914.000 5777886.480 19275 0.000000    1.000  % 64.304 64.600 -0.296 % 1 10806    33.030716    
MU14S559 32565006.520 5778048.600 20264 0.000000    1.000  % 69.080 69.020 0.060 % 1 9327    24.580214    
MU15S521 32565014.290 5778056.290 20286 0.000000    1.000  % 69.215 69.150 0.065 % 1 174    18.381676    
MU15N546 32565144.110 5778353.030 21581 0.000000    1.000  % 73.236 73.150 0.086 % 1 12003    22.884008    
MU15N508 32565042.590 5778310.360 21588 0.000000    1.000  % 70.888 70.700 0.188 % 1 9979    23.956734    
MU15N543 32565099.700 5778405.700 21626 0.000000    1.000  % 71.812 71.960 -0.148 % 1 12299    24.767845    
MU15S501 32565151.250 5778152.720 21932 0.000000    1.000  % 74.341 74.410 -0.069 % 1 6751    24.471994    
MU14S502 32564998.580 5778117.450 21934 0.000000    1.000  % 69.012 69.080 -0.068 % 1 6845    25.261921    
WE02N527 32564976.790 5777917.720 21937 0.000000    1.000  % 66.647 66.750 -0.103 % 1 3331    24.669964    
MU14N501 32564947.980 5778180.360 21963 0.000000    1.000  % 68.326 68.310 0.016 % 1 12203    24.925961    
MU14S554 32564968.780 5778138.010 21964 0.000000    1.000  % 68.816 68.820 -0.004 % 1 4898    22.491653    
MU14S527 32564809.290 5777983.130 21972 0.000000    1.000  % 62.627 62.580 0.047 % 1 8336    11.919598    
MU14S541 32564909.120 5778085.210 21976 0.000000    1.000  % 66.279 66.460 -0.181 % 1 6934    14.274386    
WE02N521 32564877.890 5777914.280 21977 0.000000    1.000  % 63.370 64.000 -0.630 % 1 7491    14.241919    
MU14S516 32564737.570 5777951.170 21986 0.000000    1.000  % 61.113 60.920 0.193 % 1 12040    23.888968    
MU14S804 32564634.980 5777957.020 22006 0.000000    1.000  % 59.510 59.400 0.110 % 1 12019    27.053406    
MU14S529 32564809.460 5777988.530 22015 0.000000    1.000  % 62.691 63.270 -0.579 % 1 14008    17.750711    
WE02N517 32564840.530 5777826.260 22085 0.000000    1.000  % 61.439 61.600 -0.161 % 1 10116    34.487774    
MU15S509 32565094.370 5778067.530 22461 0.000000    1.000  % 71.212 71.400 -0.188 % 1 4140    19.445450    
MU14N513 32564731.940 5778216.790 22606 0.000000    1.000  % 62.437 62.440 -0.003 % 1 10498    29.522303    
MU14N511 32564734.170 5778311.400 22638 0.000000    1.000  % 62.825 62.700 0.125 % 1 11247    19.850197    
MU14N524 32564797.720 5778177.560 22675 0.000000    1.000  % 63.958 63.870 0.088 % 1 5648    18.246468    
MU14N534 32564880.690 5778406.900 22702 0.000000    1.000  % 66.456 66.410 0.046 % 1 10607    22.430378    
MU10S503 32564764.430 5778456.640 22711 0.000000    1.000  % 63.834 63.750 0.084 % 1 6718    18.315983    
MU14S534 32564870.560 5778137.290 23934 0.000000    1.000  % 65.469 65.600 -0.131 % 1 3720    15.082069    
WE02N503 32564669.610 5777881.950 23950 0.000000    1.000  % 59.416 60.000 -0.584 % 1 13619    30.609301    
MU14S538 32564880.610 5778138.950 23957 0.000000    1.000  % 65.654 65.600 0.054 % 1 9620    16.108482    
WE02N502 32564665.500 5777886.220 23968 0.000000    1.000  % 59.447 60.000 -0.553 % 1 13324    29.778496    
WE02N505 32564709.390 5777841.380 23991 0.000000    1.000  % 59.605 60.000 -0.395 % 1 6728    20.315292    
WE02N531 32564645.420 5777857.660 24060 0.000000    1.000  % 59.023 58.890 0.133 % 1 12070    37.357979    