# 62663 RisoSurf
Str_Ablauf_757 32564884.360 5778180.060 365 0.010000    0.250  % 65.913 9999.990 -9934.077 %  MU14N536 1 2350    19.252407    
Str_Ablauf_758 32564875.780 5778348.360 366 0.010000    0.250  % 66.564 9999.990 -9933.427 %  MU14N532 1 9955    17.830967    
Str_Ablauf_759 32564845.330 5778294.730 367 0.010000    0.250  % 65.616 9999.990 -9934.374 %  MU14N530 1 6297    13.424758    
Str_Ablauf_760 32565123.540 5778060.130 368 0.010000    0.250  % 72.031 9999.990 -9927.959 %  MU15S527 1 10782    28.361231    
Str_Ablauf_761 32565168.120 5778042.940 369 0.010000    0.250  % 73.463 9999.990 -9926.527 %  MU15S528 1 12512    23.704641    
Str_Ablauf_762 32565182.860 5778026.010 370 0.010000    0.250  % 74.405 9999.990 -9925.585 %  MU15S528 1 3107    23.413849    
Str_Ablauf_763 32565167.140 5778032.340 371 0.010000    0.250  % 73.841 9999.990 -9926.149 %  MU15S528 1 13551    29.676186    
Str_Ablauf_764 32565109.250 5778076.830 372 0.010000    0.250  % 71.896 9999.990 -9928.095 %  MU15S508 1 8913    28.787237    
Str_Ablauf_776 32565072.790 5777874.020 384 0.010000    0.250  % 68.086 9999.990 -9931.904 %  WE03N527 1 13659    29.259245    
Str_Ablauf_777 32565110.410 5777904.380 385 0.010000    0.250  % 69.909 9999.990 -9930.081 %  WE03N531 1 13049    24.853554    
Str_Ablauf_970 32565009.710 5778136.240 548 0.010000    0.250  % 69.232 9999.990 -9930.758 %  MU14S502 1 3550    21.632154    
Str_Ablauf_971 32564738.820 5778216.710 549 0.010000    0.250  % 62.586 9999.990 -9937.405 %  MU14N513 1 8476    25.804613    
Str_Ablauf_1111 32564658.910 5778217.240 681 0.010000    0.250  % 60.991 9999.990 -9938.999 %  MU14N508 1 8762    16.939777    
Str_Ablauf_1112 32564676.600 5778216.940 682 0.010000    0.250  % 61.284 9999.990 -9938.706 %  MU14N508 1 2104    20.238647    
Str_Ablauf_1113 32564868.110 5778402.920 683 0.010000    0.250  % 66.203 9999.990 -9933.787 %  MU14N534 1 6947    18.799784    
Str_Ablauf_1118 32565141.770 5778426.290 688 0.010000    0.250  % 72.674 9999.990 -9927.316 %  MU15N547 1 11886    29.855074    
Str_Ablauf_1119 32565090.570 5778417.790 689 0.010000    0.250  % 71.252 9999.990 -9928.738 %  MU15N543 1 12907    24.884224    
Str_Ablauf_13082 32565053.760 5778005.900 12272 0.010000    0.250  % 69.680 9999.990 -9930.310 %  MU15S525 1 7928    18.884094    
Str_Ablauf_13084 32565065.130 5777994.670 12274 0.010000    0.250  % 69.634 9999.990 -9930.356 %  MU15S525 1 10516    14.023522    
Str_Ablauf_13091 32564998.460 5777949.500 12281 0.010000    0.250  % 67.466 9999.990 -9932.524 %  MU14S558 1 8827    16.884552    
Str_Ablauf_13092 32565009.730 5777938.230 12282 0.010000    0.250  % 67.405 9999.990 -9932.585 %  MU14S558 1 3965    10.412810    
Str_Ablauf_13093 32564974.260 5777896.990 12283 0.010000    0.250  % 65.822 9999.990 -9934.169 %  WE02N527 1 2021    8.353717    
Str_Ablauf_13094 32564964.480 5777886.410 12284 0.010000    0.250  % 65.645 9999.990 -9934.345 %  WE02N527 1 5897    13.468197    
Str_Ablauf_13095 32565007.910 5777900.480 12285 0.010000    0.250  % 66.827 9999.990 -9933.163 %  WE02N527 1 11415    23.613697    
Str_Ablauf_13096 32564790.030 5777826.060 12286 0.010000    0.250  % 60.300 9999.990 -9939.690 %  WE02N514 1 4574    27.388796    
Str_Ablauf_13097 32564794.270 5777830.290 12287 0.010000    0.250  % 60.534 9999.990 -9939.456 %  WE02N514 1 10723    33.195339    
Str_Ablauf_13098 32564736.590 5777879.440 12288 0.010000    0.250  % 59.734 9999.990 -9940.256 %  WE02N508 1 7517    21.870703    
Str_Ablauf_13099 32564740.730 5777883.940 12289 0.010000    0.250  % 59.950 9999.990 -9940.040 %  WE02N508 1 3506    27.788872    
Str_Ablauf_13100 32564908.270 5777904.130 12290 0.010000    0.250  % 63.962 9999.990 -9936.029 %  WE02N524 1 2447    29.519020    
Str_Ablauf_13101 32564898.990 5778008.730 12291 0.010000    0.250  % 65.655 9999.990 -9934.335 %  MU14S540 1 8977    14.069142    
Str_Ablauf_13102 32564973.600 5777969.090 12292 0.010000    0.250  % 67.344 9999.990 -9932.646 %  MU14S558 1 2100    11.091269    
Str_Ablauf_14661 32565010.800 5778007.150 13763 0.010000    0.250  % 69.169 9999.990 -9930.821 %  MU15S520 1 5224    27.404816    
Str_Ablauf_14662 32565020.120 5778016.320 13764 0.010000    0.250  % 69.163 9999.990 -9930.828 %  MU15S520 1 4750    23.190403    
Str_Ablauf_14663 32564975.240 5778071.390 13765 0.010000    0.250  % 68.078 9999.990 -9931.912 %  MU14S552 1 1970    29.197290    
Str_Ablauf_14664 32564983.950 5778080.270 13766 0.010000    0.250  % 68.072 9999.990 -9931.918 %  MU14S552 1 1504    25.130644    
Str_Ablauf_14671 32564829.630 5777970.460 13773 0.010000    0.250  % 63.456 9999.990 -9936.534 %  MU14S531 1 2814    28.534489    
Str_Ablauf_14672 32564843.340 5777984.060 13774 0.010000    0.250  % 63.869 9999.990 -9936.122 %  MU14S535 1 3392    29.344730    
Str_Ablauf_14681 32564744.950 5777939.890 13783 0.010000    0.250  % 60.901 9999.990 -9939.089 %  MU14S516 1 3844    13.356800    
Str_Ablauf_14682 32564767.520 5777917.310 13784 0.010000    0.250  % 60.977 9999.990 -9939.013 %  WE02N512 1 11199    27.423473    
Str_Ablauf_14690 32565101.370 5778069.340 13789 0.010000    0.250  % 71.353 9999.990 -9928.637 %  MU15S509 1 12181    21.864145    
Str_Ablauf_16504 32564725.680 5778068.740 15603 0.010000    0.250  % 62.028 9999.990 -9937.962 %  MU14S509 1 394    24.255253    
Str_Ablauf_23427 32564950.960 5778261.930 21244 0.010000    0.250  % 68.406 9999.990 -9931.584 %  MU14N542 1 10550    25.746252    
Str_Ablauf_23430 32564971.960 5778314.270 21247 0.010000    0.250  % 69.003 9999.990 -9930.987 %  MU14N543 1 9881    23.825455    
Str_Ablauf_23431 32564936.220 5778198.110 21248 0.010000    0.250  % 68.217 9999.990 -9931.773 %  MU14N541 1 5488    19.445957    
Str_Ablauf_23432 32564936.100 5778192.400 21249 0.010000    0.250  % 68.157 9999.990 -9931.833 %  MU14N541 1 2571    19.141088    
Str_Ablauf_23433 32565036.150 5778163.100 21250 0.010000    0.250  % 70.235 9999.990 -9929.755 %  MU15S505 1 11188    31.943321    
Str_Ablauf_23434 32564935.920 5777916.030 21251 0.010000    0.250  % 65.673 9999.990 -9934.317 %  WE02N526 1 7286    22.929182    
Str_Ablauf_23435 32564939.820 5777912.050 21252 0.010000    0.250  % 65.742 9999.990 -9934.249 %  WE02N526 1 5322    30.031437    
Str_Ablauf_23436 32564962.210 5777939.570 21253 0.010000    0.250  % 66.786 9999.990 -9933.204 %  MU14S550 1 11751    27.844940    
Str_Ablauf_23437 32564987.500 5777964.890 21254 0.010000    0.250  % 67.667 9999.990 -9932.323 %  MU14S558 1 7647    12.377786    
Str_Ablauf_23438 32564991.580 5777961.010 21255 0.010000    0.250  % 67.737 9999.990 -9932.254 %  MU14S558 1 4320    11.832381    
Str_Ablauf_23439 32565015.480 5777995.830 21256 0.010000    0.250  % 68.834 9999.990 -9931.157 %  MU15S520 1 857    29.807690    
Str_Ablauf_23440 32565019.480 5777991.680 21257 0.010000    0.250  % 68.904 9999.990 -9931.087 %  MU15S520 1 7002    23.945415    
Str_Ablauf_23441 32565047.470 5778027.940 21258 0.010000    0.250  % 69.996 9999.990 -9929.994 %  MU15S525 1 7298    27.375025    
Str_Ablauf_23442 32565051.630 5778024.200 21259 0.010000    0.250  % 70.002 9999.990 -9929.989 %  MU15S525 1 7297    25.713295    
Str_Ablauf_23443 32564919.400 5778040.250 21260 0.010000    0.250  % 66.387 9999.990 -9933.603 %  MU14S547 1 10629    28.256943    
Str_Ablauf_23444 32564938.780 5778062.520 21261 0.010000    0.250  % 67.204 9999.990 -9932.786 %  MU14S547 1 10324    35.802429    
Str_Ablauf_23445 32564942.360 5778058.010 21262 0.010000    0.250  % 67.153 9999.990 -9932.837 %  MU14S547 1 11315    31.812357    
Str_Ablauf_23446 32564968.430 5778084.520 21263 0.010000    0.250  % 67.959 9999.990 -9932.032 %  MU14S552 1 8021    34.146172    
Str_Ablauf_23447 32564993.410 5778117.250 21264 0.010000    0.250  % 68.951 9999.990 -9931.039 %  MU14S502 1 10134    23.610615    
Str_Ablauf_23448 32564997.240 5778113.100 21265 0.010000    0.250  % 68.982 9999.990 -9931.008 %  MU14S502 1 2227    19.991943    
Str_Ablauf_23449 32565021.620 5778108.230 21266 0.010000    0.250  % 69.575 9999.990 -9930.415 %  MU14S502 1 10573    22.034960    
Str_Ablauf_23450 32565001.650 5778130.590 21267 0.010000    0.250  % 68.926 9999.990 -9931.064 %  MU14S502 1 3602    20.266535    
Str_Ablauf_23451 32564984.350 5778134.890 21268 0.010000    0.250  % 68.687 9999.990 -9931.303 %  MU14S554 1 9111    24.886658    
Str_Ablauf_23452 32564970.790 5778155.680 21269 0.010000    0.250  % 68.366 9999.990 -9931.624 %  MU14S554 1 11227    26.986992    
Str_Ablauf_23453 32564957.990 5778177.210 21270 0.010000    0.250  % 68.202 9999.990 -9931.788 %  MU14N501 1 13254    28.466091    
Str_Ablauf_23454 32564954.820 5778187.810 21271 0.010000    0.250  % 68.172 9999.990 -9931.818 %  MU14N502 1 13025    25.535007    
Str_Ablauf_23455 32564953.200 5778198.550 21272 0.010000    0.250  % 68.213 9999.990 -9931.777 %  MU14N541 1 8246    22.696821    
Str_Ablauf_23456 32564947.510 5778226.750 21273 0.010000    0.250  % 68.295 9999.990 -9931.696 %  MU14N542 1 6497    23.617924    
Str_Ablauf_23457 32564954.080 5778225.810 21274 0.010000    0.250  % 68.298 9999.990 -9931.692 %  MU14N541 1 10398    25.651886    
Str_Ablauf_23458 32564957.360 5778260.560 21275 0.010000    0.250  % 68.406 9999.990 -9931.584 %  MU14N542 1 10550    25.746252    
Str_Ablauf_23459 32564954.580 5778298.820 21276 0.010000    0.250  % 68.503 9999.990 -9931.487 %  MU14N543 1 2218    20.849962    
Str_Ablauf_23460 32564961.060 5778297.630 21277 0.010000    0.250  % 68.619 9999.990 -9931.371 %  MU14N543 1 2510    22.201897    
Str_Ablauf_23461 32564965.330 5778338.570 21278 0.010000    0.250  % 68.765 9999.990 -9931.226 %  MU14N543 1 10333    34.815353    
Str_Ablauf_23462 32564969.710 5778377.600 21279 0.010000    0.250  % 68.822 9999.990 -9931.168 %  MU14N544 1 11157    21.874561    
Str_Ablauf_23463 32564996.650 5778409.520 21280 0.010000    0.250  % 69.229 9999.990 -9930.762 %  MU14N545 1 12649    20.837936    
Str_Ablauf_23464 32565008.550 5778411.970 21281 0.010000    0.250  % 69.454 9999.990 -9930.537 %  MU14N545 1 11979    33.689018    
Str_Ablauf_23465 32565007.460 5778418.850 21282 0.010000    0.250  % 69.598 9999.990 -9930.392 %  MU14N545 1 13346    28.884954    
Str_Ablauf_23466 32564825.220 5778373.310 21283 0.010000    0.250  % 64.966 9999.990 -9935.025 %  MU14N527 1 182    24.744066    
Str_Ablauf_23467 32564799.290 5778359.860 21284 0.010000    0.250  % 64.420 9999.990 -9935.570 %  MU14N526 1 5076    21.868414    
Str_Ablauf_23468 32564775.810 5778236.810 21285 0.010000    0.250  % 63.474 9999.990 -9936.517 %  MU14N518 1 1771    25.839968    
Str_Ablauf_23469 32564773.070 5778220.880 21286 0.010000    0.250  % 63.470 9999.990 -9936.520 %  MU14N518 1 8781    19.787655    
Str_Ablauf_23470 32564772.500 5778214.900 21287 0.010000    0.250  % 63.384 9999.990 -9936.606 %  MU14N518 1 5264    18.713692    
Str_Ablauf_23471 32564857.560 5778305.820 21288 0.010000    0.250  % 65.915 9999.990 -9934.075 %  MU14N533 1 9639    21.975109    
Str_Ablauf_23472 32564891.560 5778321.770 21289 0.010000    0.250  % 66.932 9999.990 -9933.058 %  MU14N533 1 6108    28.522299    
Str_Ablauf_23473 32564875.480 5778327.110 21290 0.010000    0.250  % 66.450 9999.990 -9933.541 %  MU14N533 1 3650    16.116648    
Str_Ablauf_23474 32564879.380 5778203.650 21291 0.010000    0.250  % 65.910 9999.990 -9934.080 %  MU14N536 1 2374    21.164680    
Str_Ablauf_23475 32564896.690 5778214.560 21292 0.010000    0.250  % 65.998 9999.990 -9933.992 %  MU14N536 1 855    26.795429    
Str_Ablauf_23476 32564673.510 5777984.580 21293 0.010000    0.250  % 60.164 9999.990 -9939.826 %  MU14S506 1 491    32.639259    
Str_Ablauf_23477 32564675.440 5778139.470 21294 0.010000    0.250  % 61.161 9999.990 -9938.830 %  MU14S507 1 5895    16.366327    
Str_Ablauf_23478 32564672.920 5778377.770 21295 0.010000    0.250  % 61.493 9999.990 -9938.497 %  MU14N507 1 5910    21.284342    
Str_Ablauf_23479 32564686.300 5778420.490 21296 0.010000    0.250  % 61.712 9999.990 -9938.279 %  MU10S502 1 8313    25.539745    
Str_Ablauf_23480 32564685.600 5778386.790 21297 0.010000    0.250  % 61.585 9999.990 -9938.405 %  MU14N507 1 926    16.313036    
Str_Ablauf_23481 32564694.980 5778377.180 21298 0.010000    0.250  % 61.854 9999.990 -9938.137 %  MU14N507 1 8927    25.530642    
Str_Ablauf_23482 32564726.430 5778376.700 21299 0.010000    0.250  % 62.654 9999.990 -9937.336 %  MU14N510 1 1722    16.657654    
Str_Ablauf_23483 32564765.840 5778420.360 21300 0.010000    0.250  % 63.640 9999.990 -9936.350 %  MU14N517 1 4865    10.609088    
Str_Ablauf_23484 32564765.100 5778380.370 21301 0.010000    0.250  % 63.484 9999.990 -9936.506 %  MU14N516 1 6022    6.535325    
Str_Ablauf_23485 32564809.710 5778435.620 21302 0.010000    0.250  % 64.498 9999.990 -9935.492 %  MU10S506 1 8142    18.666166    
Str_Ablauf_23486 32564807.700 5778408.850 21303 0.010000    0.250  % 64.466 9999.990 -9935.524 %  MU14N527 1 7628    16.197796    
Str_Ablauf_23487 32564914.430 5777894.570 21304 0.010000    0.250  % 64.566 9999.990 -9935.424 %  WE02N524 1 7037    27.607759    
Str_Ablauf_23488 32564918.440 5777890.420 21305 0.010000    0.250  % 64.636 9999.990 -9935.354 %  WE02N524 1 5988    27.003019    
Str_Ablauf_23489 32564886.520 5777863.600 21306 0.010000    0.250  % 62.967 9999.990 -9937.024 %  WE02N523 1 10738    26.128853    
Str_Ablauf_23490 32564890.170 5777859.420 21307 0.010000    0.250  % 62.960 9999.990 -9937.030 %  WE02N523 1 12011    20.439428    
Str_Ablauf_23491 32564856.840 5777827.610 21308 0.010000    0.250  % 61.665 9999.990 -9938.326 %  WE02N520 1 12823    21.432634    
Str_Ablauf_23492 32564835.640 5777856.630 21309 0.010000    0.250  % 61.551 9999.990 -9938.440 %  WE02N518 1 11732    21.615242    
Str_Ablauf_23493 32564806.860 5777877.610 21310 0.010000    0.250  % 61.341 9999.990 -9938.650 %  WE02N518 1 6271    24.258501    
Str_Ablauf_23494 32564782.290 5777902.090 21311 0.010000    0.250  % 61.084 9999.990 -9938.906 %  WE02N515 1 9391    22.362095    
Str_Ablauf_23495 32564793.610 5777906.130 21312 0.010000    0.250  % 61.156 9999.990 -9938.834 %  WE02N515 1 10633    25.500340    
Str_Ablauf_23496 32564814.510 5777926.970 21313 0.010000    0.250  % 62.033 9999.990 -9937.958 %  MU14S528 1 7667    17.734308    
Str_Ablauf_23497 32565003.500 5778404.040 21314 0.010000    0.250  % 69.526 9999.990 -9930.464 %  MU14N545 1 10435    26.200356    
Str_Ablauf_23498 32565182.280 5777981.300 21315 0.010000    0.250  % 73.872 9999.990 -9926.118 %  MU15S528 1 3498    27.348911    
Str_Ablauf_23499 32565162.890 5777958.350 21316 0.010000    0.250  % 72.587 9999.990 -9927.404 %  MU15S530 1 13294    21.789225    
Str_Ablauf_23500 32565141.340 5777935.770 21317 0.010000    0.250  % 71.457 9999.990 -9928.534 %  WE03N531 1 14122    25.561102    
Str_Ablauf_23508 32564837.890 5777961.450 21325 0.010000    0.250  % 63.300 9999.990 -9936.690 %  MU14S531 1 4451    24.583277    
Str_Ablauf_23509 32564842.220 5777957.660 21326 0.010000    0.250  % 63.563 9999.990 -9936.428 %  MU14S531 1 7736    37.989052    
Str_Ablauf_23510 32564865.480 5777988.920 21327 0.010000    0.250  % 64.416 9999.990 -9935.575 %  MU14S535 1 14721    13.939201    
Str_Ablauf_23511 32564869.890 5777985.400 21328 0.010000    0.250  % 64.430 9999.990 -9935.561 %  MU14S535 1 9053    22.072235    
Str_Ablauf_23518 32564899.580 5778012.260 21335 0.010000    0.250  % 65.619 9999.990 -9934.372 %  MU14S540 1 1541    15.153255    
Str_Ablauf_23519 32564895.810 5778016.300 21336 0.010000    0.250  % 65.728 9999.990 -9934.262 %  MU14S540 1 2762    20.842085    
Str_Ablauf_23520 32564886.490 5778199.040 21337 0.010000    0.250  % 65.992 9999.990 -9933.998 %  MU14N536 1 6690    32.807056    
Str_Ablauf_23521 32564886.430 5778193.320 21338 0.010000    0.250  % 66.121 9999.990 -9933.870 %  MU14N536 1 7865    7.510688    
Str_Ablauf_23522 32564846.350 5778159.400 21339 0.010000    0.250  % 64.586 9999.990 -9935.405 %  MU14S533 1 7644    33.533634    
Str_Ablauf_23561 32564816.670 5778129.670 21378 0.010000    0.250  % 63.849 9999.990 -9936.141 %  MU14S523 1 7980    27.002062    
Str_Ablauf_23563 32564812.750 5778133.650 21380 0.010000    0.250  % 63.853 9999.990 -9936.137 %  MU14S523 1 9012    23.149708    
Str_Ablauf_23564 32564779.780 5778097.990 21381 0.010000    0.250  % 62.902 9999.990 -9937.088 %  MU14S521 1 9916    18.928354    
Str_Ablauf_23565 32564755.570 5778073.610 21382 0.010000    0.250  % 62.307 9999.990 -9937.683 %  MU14S517 1 10219    28.624804    
Str_Ablauf_23566 32564759.170 5778069.080 21383 0.010000    0.250  % 62.320 9999.990 -9937.671 %  MU14S517 1 11640    28.461926    
Str_Ablauf_23581 32564731.620 5778081.710 21398 0.010000    0.250  % 62.016 9999.990 -9937.974 %  MU14S509 1 8797    18.764250    
Str_Ablauf_23582 32565054.190 5778084.880 21399 0.010000    0.250  % 70.411 9999.990 -9929.579 %  MU15S524 1 9996    28.080111    
Str_Ablauf_23583 32564725.940 5778082.080 21400 0.010000    0.250  % 61.954 9999.990 -9938.036 %  MU14S509 1 8371    38.096718    
Str_Ablauf_23584 32565084.830 5778057.290 21401 0.010000    0.250  % 71.066 9999.990 -9928.924 %  MU15S526 1 11320    23.732765    
Str_Ablauf_23585 32565098.000 5778060.310 21402 0.010000    0.250  % 71.289 9999.990 -9928.701 %  MU15S509 1 7154    28.601295    
Str_Ablauf_23586 32564731.960 5778103.230 21403 0.010000    0.250  % 62.051 9999.990 -9937.940 %  MU14S510 1 480    14.764955    
Str_Ablauf_23587 32564726.340 5778103.380 21404 0.010000    0.250  % 62.080 9999.990 -9937.910 %  MU14S510 1 6018    23.766613    
Str_Ablauf_23588 32565142.590 5778042.140 21405 0.010000    0.250  % 72.697 9999.990 -9927.293 %  MU15S527 1 11287    24.810555    
Str_Ablauf_23589 32565116.000 5778053.000 21406 0.010000    0.250  % 71.912 9999.990 -9928.078 %  MU15S509 1 2977    29.762024    
Str_Ablauf_23590 32565189.210 5778007.270 21407 0.010000    0.250  % 74.171 9999.990 -9925.819 %  MU15S528 1 14002    28.086683    
Str_Ablauf_23591 32564730.890 5778149.580 21408 0.010000    0.250  % 62.216 9999.990 -9937.775 %  MU14S513 1 2813    23.986063    
Str_Ablauf_23592 32564725.190 5778149.620 21409 0.010000    0.250  % 62.244 9999.990 -9937.746 %  MU14S513 1 3842    24.080057    
Str_Ablauf_23600 32564733.980 5778214.330 21417 0.010000    0.250  % 62.387 9999.990 -9937.604 %  MU14N513 1 10498    29.522303    
Str_Ablauf_23601 32564734.620 5778235.790 21418 0.010000    0.250  % 62.746 9999.990 -9937.244 %  MU14N513 1 4791    19.761049    
Str_Ablauf_23603 32565220.360 5778029.040 21420 0.010000    0.250  % 76.197 9999.990 -9923.793 %  MU15S528 1 13245    27.702768    
Str_Ablauf_23604 32564734.880 5778260.010 21421 0.010000    0.250  % 62.601 9999.990 -9937.390 %  MU14N514 1 902    12.912446    
Str_Ablauf_23609 32564729.340 5778261.820 21426 0.010000    0.250  % 62.506 9999.990 -9937.484 %  MU14N514 1 2336    16.460711    
Str_Ablauf_23610 32564729.990 5778301.200 21427 0.010000    0.250  % 62.784 9999.990 -9937.206 %  MU14N515 1 7414    33.453999    
Str_Ablauf_23611 32564741.350 5778313.140 21428 0.010000    0.250  % 62.923 9999.990 -9937.067 %  MU14N511 1 8813    21.052549    
Str_Ablauf_23612 32564749.070 5778328.930 21429 0.010000    0.250  % 63.244 9999.990 -9936.746 %  MU14N511 1 4918    18.498417    
Str_Ablauf_23613 32564773.130 5778352.980 21430 0.010000    0.250  % 63.856 9999.990 -9936.135 %  MU14N520 1 9280    20.916758    
Str_Ablauf_23614 32564777.170 5778349.300 21431 0.010000    0.250  % 64.144 9999.990 -9935.846 %  MU14N520 1 11632    20.169727    
Str_Ablauf_23615 32564814.130 5778389.220 21432 0.010000    0.250  % 64.907 9999.990 -9935.083 %  MU14N527 1 10511    21.672804    
Str_Ablauf_23616 32564811.420 5778394.390 21433 0.010000    0.250  % 64.967 9999.990 -9935.023 %  MU14N527 1 5646    30.165575    
Str_Ablauf_23617 32564835.860 5778403.540 21434 0.010000    0.250  % 65.458 9999.990 -9934.532 %  MU14N529 1 9646    18.897324    
Str_Ablauf_23618 32564835.850 5778408.950 21435 0.010000    0.250  % 65.589 9999.990 -9934.401 %  MU14N529 1 11724    24.473547    
Str_Ablauf_23619 32564869.010 5778408.530 21436 0.010000    0.250  % 66.124 9999.990 -9933.866 %  MU14N534 1 7933    25.285242    
Str_Ablauf_23620 32564888.470 5778375.900 21437 0.010000    0.250  % 67.078 9999.990 -9932.913 %  MU14N537 1 9962    26.325022    
Str_Ablauf_23621 32564888.790 5778381.520 21438 0.010000    0.250  % 67.007 9999.990 -9932.983 %  MU14N537 1 12022    29.418636    
Str_Ablauf_23622 32564914.610 5778381.150 21439 0.010000    0.250  % 67.719 9999.990 -9932.271 %  MU14N540 1 5793    21.166573    
Str_Ablauf_23629 32565106.280 5778085.770 21446 0.010000    0.250  % 71.810 9999.990 -9928.180 %  MU15S508 1 9898    25.321491    
Str_Ablauf_23630 32565110.490 5778118.410 21447 0.010000    0.250  % 72.418 9999.990 -9927.572 %  MU15S507 1 6042    38.687706    
Str_Ablauf_23631 32565074.170 5778160.300 21448 0.010000    0.250  % 71.422 9999.990 -9928.568 %  MU15S503 1 2242    19.952784    
Str_Ablauf_23632 32565103.750 5778156.380 21449 0.010000    0.250  % 72.579 9999.990 -9927.411 %  MU15S502 1 10433    26.371258    
Str_Ablauf_23633 32565099.620 5778162.560 21450 0.010000    0.250  % 72.291 9999.990 -9927.699 %  MU15S502 1 7166    19.464907    
Str_Ablauf_23634 32565133.670 5778152.420 21451 0.010000    0.250  % 73.665 9999.990 -9926.325 %  MU15S501 1 6983    20.346487    
Str_Ablauf_23635 32565155.860 5778163.610 21452 0.010000    0.250  % 74.577 9999.990 -9925.413 %  MU15S501 1 1431    17.315405    
Str_Ablauf_23636 32565164.860 5778259.700 21453 0.010000    0.250  % 74.457 9999.990 -9925.533 %  MU15N502 1 14733    20.299654    
Str_Ablauf_23637 32565162.630 5778245.400 21454 0.010000    0.250  % 74.440 9999.990 -9925.551 %  MU15N502 1 9401    16.563723    
Str_Ablauf_23638 32565158.010 5778213.600 21455 0.010000    0.250  % 74.482 9999.990 -9925.508 %  MU15N501 1 11580    23.100351    
Str_Ablauf_23639 32565161.330 5778229.290 21456 0.010000    0.250  % 74.468 9999.990 -9925.522 %  MU15N502 1 7062    24.623030    
Str_Ablauf_23640 32565156.260 5778198.080 21457 0.010000    0.250  % 74.467 9999.990 -9925.523 %  MU15N501 1 9904    21.208702    
Str_Ablauf_23641 32565153.970 5778182.330 21458 0.010000    0.250  % 74.479 9999.990 -9925.512 %  MU15S501 1 10885    21.193993    
Str_Ablauf_23642 32565037.340 5778181.240 21459 0.010000    0.250  % 70.397 9999.990 -9929.593 %  MU15S504 1 11187    29.462124    
Str_Ablauf_23643 32565081.340 5778194.440 21460 0.010000    0.250  % 70.528 9999.990 -9929.462 %  MU15N505 1 14272    28.405970    
Str_Ablauf_23644 32565083.490 5778210.200 21461 0.010000    0.250  % 70.537 9999.990 -9929.453 %  MU15N505 1 2305    28.009651    
Str_Ablauf_23645 32565113.300 5778273.500 21462 0.010000    0.250  % 72.726 9999.990 -9927.264 %  MU15N503 1 9516    24.875713    
Str_Ablauf_23646 32565009.610 5778319.580 21463 0.010000    0.250  % 69.965 9999.990 -9930.025 %  MU14N505 1 9290    35.496746    
Str_Ablauf_23647 32565025.250 5778317.800 21464 0.010000    0.250  % 70.457 9999.990 -9929.534 %  MU15N508 1 10746    30.633579    
Str_Ablauf_23648 32565094.380 5778305.330 21465 0.010000    0.250  % 72.151 9999.990 -9927.839 %  MU15N504 1 6953    24.532183    
Str_Ablauf_23649 32565067.600 5778322.330 21466 0.010000    0.250  % 71.572 9999.990 -9928.418 %  MU15N508 1 9607    29.275204    
Str_Ablauf_23650 32565048.870 5778324.000 21467 0.010000    0.250  % 71.039 9999.990 -9928.951 %  MU15N508 1 11314    25.692745    
Str_Ablauf_23651 32565018.370 5778397.120 21468 0.010000    0.250  % 69.895 9999.990 -9930.095 %  MU15N542 1 10685    25.664963    
Str_Ablauf_23652 32565034.320 5778395.620 21469 0.010000    0.250  % 70.233 9999.990 -9929.757 %  MU15N542 1 11961    30.575851    
Str_Ablauf_23653 32565021.670 5778402.050 21470 0.010000    0.250  % 69.939 9999.990 -9930.051 %  MU15N542 1 11989    27.904566    
Str_Ablauf_23654 32565050.270 5778401.150 21471 0.010000    0.250  % 70.598 9999.990 -9929.392 %  MU15N542 1 12559    25.612352    
Str_Ablauf_23655 32565075.080 5778401.450 21472 0.010000    0.250  % 71.159 9999.990 -9928.831 %  MU15N543 1 13029    22.221094    
Str_Ablauf_23656 32565068.680 5778396.380 21473 0.010000    0.250  % 71.062 9999.990 -9928.929 %  MU15N542 1 7437    22.835020    
Str_Ablauf_23657 32565084.330 5778397.420 21474 0.010000    0.250  % 71.433 9999.990 -9928.557 %  MU15N543 1 12759    30.856915    
Str_Ablauf_23658 32565103.630 5778400.680 21475 0.010000    0.250  % 71.958 9999.990 -9928.032 %  MU15N543 1 10506    25.227188    
Str_Ablauf_23659 32565100.740 5778368.270 21476 0.010000    0.250  % 72.132 9999.990 -9927.858 %  MU15N544 1 1911    34.401558    
Str_Ablauf_23660 32565047.050 5778418.680 21477 0.010000    0.250  % 70.182 9999.990 -9929.808 %  MU15N542 1 13066    31.995394    
Str_Ablauf_23661 32565117.640 5778419.670 21478 0.010000    0.250  % 72.037 9999.990 -9927.953 %  MU15N543 1 11122    21.007380    
Str_Ablauf_41037 32564832.220 5778384.970 37931 0.010000    0.250  % 64.957 9999.990 -9935.034 %  MU14N527 1 1614    19.739065    